ATS,EMRating,EMRating3GameEMA,EMRating5GameExpMA,EMRating10GameExpMA,AdjO,AdjO3GameEMA,AdjD,AdjD3GameEMA,Date,HomeAway,Op Rank,Opponent,Result,Pace,PPP,EFG%,TO%,PPP1,EFG%1,TO%1,OverUnder,ATSVegas,OverUnderVegas,AdjO3ExpMA,AdjO3ExpMAS,AdjO5ExpMA,AdjO10ExpMA,AdjD3ExpMA,AdjD3ExpMAS,AdjD5ExpMA,AdjD10ExpMA,DateNew,AdjOECurrent,AdjDECurrent,AdjEMCurrent,AdjOECurrentOpp,AdjDECurrentOpp,AdjEMCurrentOpp,PomAdjOECurrent,PomAdjDECurrent,PomAdjEMCurrent,PomAdjTCurrent,PomSpread,PomTotal,PomTempo,TRankSpread,TRankTotal,B3GSpread,B3GTotal,TRankLast10Spread,TRankLast10Total,MC5Spread,MC5Total,PomAdjOECurrentOpp,PomAdjDECurrentOpp,PomAdjEMCurrentOpp,PomAdjTCurrentOpp,AdjOELast10,AdjDELast10,AdjEMLast10,AdjOEOppLast10,AdjDEOppLast10,AdjEMOppLast10,MC10Spread,MC10Total,MC10Edge,AdjOE_MG,AdjDE_MG,AdjEM_MG,Adj_Margin_EM_MG,AdjOE_MG_Opp,AdjDE_MG_Opp,AdjEM_MG_Opp,Adj_Margin_EM_MG_Opp,Dates,MG_Spread,MG_Total,MG_Rank_Score_Dif,MG_Rank_Total,GameDifRating,DifCumSum,DifCumSumEMA,DifCumSumShifted,DifOverplayingandEMA,PomSpreadWinATS,PomSpreadLossATS,PomTotalWinTotal,PomTotalLossTotal,TRankSpreadWinATS,TRankSpreadLossATS,TRankTotalWinTotal,TRankTotalLossTotal,B3GSpreadWinATS,B3GSpreadLossATS,B3GTotalWinTotal,B3GTotalLossTotal,TRankLast10SpreadWinATS,TRankLast10SpreadLossATS,TRankLast10TotalWinTotal,TRankLast10TotalLossTotal,MC5SpreadWinATS,MC5SpreadLossATS,MC5TotalWinTotal,MC5TotalLossTotal,MG_SpreadWinATS,MG_SpreadLossATS,MG_TotalWinTotal,MG_TotalLossTotal,MG_Rank_Score_DifWinATS,MG_Rank_Score_DifLossATS,MG_Rank_TotalWinTotal,MG_Rank_TotalLossTotal,PlayingOverRating,PlayingOverRating3,PlayingOverRatingShift,RollingMeanDiffEM,RollingMeanDiffEMShift,PlayingOverPomeroyTrue,PlayingOverPomeroyShiftTrue,PlayingOverDailyTrue,RollingMeanDiffEMTrue,RollingMeanDiffEMShiftTrue,SignalSum,SignalSumShift,SignalSumShiftAfterGame
9.0,-5,,-5.1000000000000085,-5.1000000000000085,95.8,0.0,100.9,0.0,Sun 11-29 11-29,A,222 (Ⅳ),Samford,"W, 78-76",80,98.0,58.6,23.9,95.5,45.0,17.6,3.0,7.0,151.0,95.8,0.0,95.8,95.8,100.9,0.0,100.9,100.9,20201129,89.0,105.5,-16.5,98.1,108.7,-10.600000000000009,86.8,105.5,-18.7,71.8,10.219650519056074,146.011884417081,75.78321479374111,9.566562610497769,155.1537658305637,-7.230620944108806,155.1537658305637,9.566562610497769,155.1537658305637,-7.230620944108806,152.89511865560328,95.5,106.7,-11.22,74.2,89.0,105.5,-16.5,98.1,108.7,-10.600000000000009,-7.230620944108806,152.89511865560328,0,0.0,0.0,0.0,0.0,0.0,0.0,0.0,0.0,2020-11-29,-0.0,0.0,,0.0,13.7,13.7,0.0,0.0,13.7,0,1,0,1,0,1,1,0,1,0,1,0,0,1,1,0,1,0,1,0,1,0,0,1,1,0,0,1,13.59999999999999,,0.0,13.7,0.0,1,0.0,1,1,1,3,0.0,0.0
12.5,1,,-3.0000000000000053,-3.954545454545461,99.8,0.0,98.6,0.0,Sat 12-19 12-19,H,219 (Ⅳ),South Alabama,"W, 93-90 2OT",91,102.6,53.7,23.2,99.3,44.3,16.5,42.0,9.5,141.0,97.8,95.8,97.13333333333334,96.52727272727272,99.75,100.9,100.13333333333334,100.48181818181816,20201219,90.0,105.5,-15.5,103.3,108.3,-5.0,87.7,105.2,-17.53,71.2,5.615939785827749,137.84192238965372,69.57951635846374,4.0833188609864095,146.84102783599894,-4.896888391282916,146.84102783599894,4.0833188609864095,146.84102783599894,-4.896888391282916,152.54060377749886,101.3,105.9,-4.55,68.7,90.0,105.5,-15.5,103.3,108.3,-5.0,-4.821007723291122,152.46503551464775,0,107.49772593764138,90.10629038423292,17.391435553408456,17.13043791312473,111.35316820236378,113.68245829060169,-2.3292900882379115,-6.67658819043742,2020-12-19,-20.01756310427018,158.96937425875453,-18.614872413319162,158.96937425875453,18.53,32.230000000000004,13.7,13.7,18.530000000000005,1,0,0,1,1,0,1,0,1,0,1,0,1,0,1,0,1,0,1,0,1,0,1,0,1,0,1,0,14.529999999999996,,13.59999999999999,16.115000000000002,13.7,1,1.0,1,1,1,3,3.0,0.0
-0.5,-13,-5.76666666666667,-6.466666666666673,-5.671900826446287,86.3,93.96666666666664,99.7,99.73333333333332,Sat 1-16 1-16,H,344 (Ⅳ),Alabama St.,"W, 70-63",74,94.1,41.1,17.5,84.7,34.1,17.5,-1.0,-7.5,134.0,92.05,97.8,93.52222222222224,94.66776859504131,99.725,99.75,99.98888888888894,100.3396694214876,20210116,92.3,106.5,-14.200000000000005,84.8,109.5,-24.700000000000006,90.1,106.7,-16.64,70.2,-8.470929309837736,126.9487085797088,67.20426742532007,-11.098341577849943,132.0177738680035,-24.202301510874655,132.0177738680035,-11.098341577849943,132.0177738680035,-24.202301510874655,132.04601874048197,85.4,109.3,-23.87,67.3,92.3,106.5,-14.200000000000005,84.8,109.5,-24.700000000000006,-24.369917681973284,131.87501818196,0,100.71107556315272,92.94533884552686,7.765736717625856,11.196460495626447,92.52791658041164,102.24779087047376,-9.719874290062123,-15.951014204512944,2021-01-16,-15.334493611332036,130.4810721674894,-20.081247302760133,130.4810721674894,3.6400000000000006,35.870000000000005,19.87666666666667,32.230000000000004,15.993333333333336,0,1,1,0,0,1,1,0,0,1,1,0,0,1,1,0,0,1,1,0,0,1,1,0,0,1,1,0,10.173333333333328,10.873333333333331,14.529999999999996,11.956666666666667,16.115000000000002,1,1.0,1,1,1,3,3.0,3.0
15.0,-3,-5.066666666666666,-5.311111111111115,-5.186100676183324,94.0,93.36666666666666,97.0,98.43333333333332,Sat 1-23 1-23,H,304 (Ⅳ),Southern,"W, 68-58",69,99.0,49.1,23.3,84.4,40.0,18.9,-12.0,5.0,138.0,93.025,92.05,93.6814814814815,94.54635612321562,98.3625,99.725,98.99259259259262,99.73245679939892,20210123,92.3,106.3,-14.0,96.5,102.6,-6.099999999999994,89.9,106.6,-16.75,70.9,2.4221315327463486,137.86054610635307,71.00085348506403,1.7123777669034013,143.1669023388667,-7.95117062261996,143.1669023388667,1.7123777669034013,143.1669023388667,-7.95117062261996,127.41695375238217,95.8,103.7,-7.92,70.4,92.3,106.3,-14.0,96.5,102.6,-6.099999999999994,-7.944478808777791,133.16380462231297,0,96.88843880828115,101.85487719222021,-4.966438383939064,-2.0181143687364016,91.91865854478331,98.20249881407905,-6.283840269295737,-1.2218184870129931,2021-01-23,-4.9459740770269605,137.17634269075546,-1.3904417055727976,137.17634269075546,13.75,49.620000000000005,25.20777777777778,35.870000000000005,24.412222222222226,1,0,1,0,1,0,0,1,1,0,0,1,1,0,0,1,1,0,1,0,1,0,1,0,1,0,1,0,11.438888888888885,11.683333333333334,10.173333333333328,12.405000000000001,11.956666666666667,1,1.0,1,1,1,3,3.0,3.0
-13.5,-29,-15.266666666666673,-13.340740740740745,-9.588627825968176,87.1,89.13333333333333,116.5,104.39999999999998,Sat 1-30 1-30,A,213 (Ⅲ),Prairie View A&M,"L, 79-57",71,80.7,39.2,21.2,111.9,64.0,24.1,1.0,8.5,135.0,90.0625,93.025,91.48765432098769,93.19247319172186,107.43125,98.3625,104.8283950617284,102.78110101769005,20210130,92.8,105.7,-12.900000000000004,95.2,101.6,-6.399999999999992,90.9,106.5,-15.6,70.3,8.374926203441198,130.9506469376454,67.8,8.195670521803805,135.52101815109413,10.319548366429384,135.52101815109413,8.195670521803805,135.52101815109413,10.319548366429384,118.0280711324102,94.3,102.8,-8.51,67.8,92.8,105.7,-12.900000000000004,95.2,101.6,-6.399999999999992,5.495683807393948,126.76895824040456,0,93.79316841184318,99.4183471941532,-5.625178782310016,-3.771713143761013,100.20197119843843,107.42144727609241,-7.2194760776539795,-7.358474159626127,2021-01-30,3.1082805879310484,139.1698238628341,-0.6390717066403013,139.1698238628341,-13.4,36.220000000000006,33.34518518518519,49.620000000000005,2.874814814814819,0,1,0,1,0,1,1,0,1,0,1,0,0,1,1,0,1,0,0,1,0,1,1,0,0,1,1,0,2.259259259259254,0.3333333333333268,11.438888888888885,7.244,12.405000000000001,1,1.0,1,1,1,3,3.0,3.0
-7.5,-27,-19.83333333333334,-17.927160493827163,-12.772513675792144,71.3,84.13333333333331,98.4,103.96666666666664,Mon 2-01 2-01,A,247 (Ⅲ),Texas Southern,"L, 66-49",69,70.9,33.3,17.4,95.5,44.4,24.6,-29.5,9.5,144.5,80.68125,90.0625,84.7584362139918,89.21202352049971,102.915625,107.43125,102.68559670781895,101.98453719629185,20210201,92.2,106.1,-13.899999999999993,98.2,105.4,-7.200000000000002,90.0,106.5,-16.46,70.3,10.432104715880598,139.81891338214925,70.5,9.126419920338307,145.4362895073632,2.812321579081555,145.4362895073632,9.126419920338307,145.4362895073632,2.812321579081555,135.5155049717759,97.8,105.4,-7.59,70.5,92.2,106.1,-13.899999999999993,98.2,105.4,-7.200000000000002,6.750341739326526,138.53029772545287,0,95.1062034720088,99.1980150717465,-4.091811599737696,-0.7263315518028193,98.03681605635073,104.1658847067846,-6.129068650433865,-8.958498190837417,2021-02-01,2.6539525146450984,141.61405400714705,-3.9252667500792455,141.61405400714705,-10.54,25.680000000000007,34.30345679012346,36.220000000000006,-8.623456790123456,1,0,1,0,0,1,0,1,0,1,0,1,0,1,0,1,0,1,1,0,0,1,1,0,0,1,1,0,-1.467160493827162,-3.3733333333333384,2.259259259259254,4.280000000000003,7.244,-1,1.0,-1,1,1,-1,3.0,3.0
11.5,-4,-20.16666666666667,-13.284773662551446,-11.177511189284479,102.5,86.96666666666664,106.5,107.13333333333333,Sat 2-06 2-06,H,347 (Ⅳ),Mississippi Valley St.,"W, 93-58",74,125.7,55.1,10.8,78.4,43.3,25.7,7.0,-23.5,144.0,91.590625,80.68125,90.67229080932785,91.6280192440452,104.7078125,102.915625,103.95706447187929,102.8055304333297,20210206,90.7,105.4,-14.700000000000005,81.4,122.0,-40.6,88.9,105.9,-17.02,69.8,-19.918386486301323,136.91066225957357,70.4950213371266,-21.902773675983234,142.23749639266006,-26.35267971903024,142.23749639266006,-21.902773675983234,142.23749639266006,-26.35267971903024,138.52867716939176,81.0,122.3,-41.22,71.0,90.7,105.4,-14.700000000000005,81.4,122.0,-40.6,-24.460245718470716,135.54034391538113,0,94.25775402046685,100.18661238511991,-5.928858364653067,-1.5620955297432435,90.7442522179997,107.4346451175245,-16.690392899524795,-11.189070215397686,2021-02-06,-11.350292579185393,138.86338080684862,-8.63455333803266,138.86338080684862,13.02,38.7,31.428971193415645,25.680000000000007,7.271028806584358,0,1,0,1,0,1,0,1,1,0,0,1,0,1,0,1,1,0,0,1,0,1,0,1,0,1,0,1,3.7352263374485535,-3.146666666666672,-1.467160493827162,5.52857142857143,4.280000000000003,1,-1.0,1,1,1,3,-1.0,3.0
-8.5,-25,-18.966666666666672,-17.4565157750343,-13.836145518505486,74.6,82.79999999999997,100.4,101.76666666666664,Mon 2-08 2-08,H,342 (Ⅳ),Arkansas Pine Bluff,"W, 56-55",65,86.8,36.8,18.6,85.2,33.3,13.9,-23.5,-9.5,134.5,83.0953125,91.590625,85.31486053955193,88.53201574512791,102.55390625,104.7078125,102.77137631458622,102.36816126363337,20210208,91.4,105.2,-13.799999999999995,89.2,114.8,-25.599999999999994,89.4,105.7,-16.34,70.1,-9.248668845849394,133.69081777386998,68.60426742532005,-11.701628263139597,139.88429698794909,-11.996738740899628,139.88429698794909,-11.701628263139597,139.88429698794909,-11.996738740899628,129.13515019835958,88.7,113.9,-25.18,68.8,91.4,105.2,-13.799999999999995,89.2,114.8,-25.599999999999994,-16.31386461201539,134.12642974665403,0,94.34353089493351,99.56574039496513,-5.222209500031624,-0.7042442746996596,97.74163155905788,103.67660362955343,-5.934972070495547,-4.7271164898071945,2021-02-08,-4.186171411354707,137.12083072363362,-4.628615466848203,137.12083072363362,-8.66,30.040000000000003,33.8526474622771,38.7,-3.812647462277095,1,0,1,0,0,1,0,1,0,1,0,1,0,1,0,1,0,1,1,0,1,0,0,1,1,0,0,1,-1.1165157750343013,-2.6266666666666723,3.7352263374485535,3.754999999999999,5.52857142857143,-1,1.0,-1,1,1,-1,3.0,-1.0
-18.5,-32,-20.600000000000005,-22.304343850022867,-17.13866451514085,85.5,87.5333333333333,117.5,108.13333333333333,Sat 2-13 2-13,A,344 (Ⅳ),Alabama St.,"L, 72-58",67,86.0,39.8,22.2,106.7,51.7,13.3,-5.5,-4.5,135.5,84.29765625,83.0953125,85.37657369303462,87.98074015510464,110.026953125,102.55390625,107.68091754305748,105.11940467024547,20210213,89.7,103.9,-14.200000000000005,84.8,110.9,-26.10000000000001,88.8,105.5,-16.69,69.5,-2.3606867781047782,126.74444684611267,69.00568990042674,-4.323902112329009,132.33404877586116,0.4881318043388046,132.33404877586116,-4.323902112329009,132.33404877586116,0.4881318043388046,126.5244783020132,83.5,108.9,-25.47,69.8,89.7,103.9,-14.200000000000005,84.8,110.9,-26.10000000000001,-5.348872303168426,127.61154507372298,0,96.198574591172,98.84762062888149,-2.649046037709482,1.0995890267515676,102.50740018098524,95.62578835789554,6.881611823089699,5.625435406844266,2021-02-13,10.421360310668867,136.7944433487258,5.12021992871766,136.7944433487258,-15.309999999999999,14.730000000000004,32.5817649748514,30.040000000000003,-17.8517649748514,1,0,1,0,1,0,1,0,1,0,1,0,1,0,1,0,1,0,1,0,1,0,0,1,1,0,0,1,-5.614343850022866,-3.9100000000000037,-1.1165157750343013,1.6366666666666667,3.754999999999999,-1,-1.0,-1,1,1,-1,-1.0,3.0
-15.0,-30,-29.500000000000004,-25.10289590001525,-19.60436187602433,75.5,78.5333333333333,106.2,108.03333333333332,Mon 2-22 2-22,A,336 (Ⅳ),Alcorn St.,"L, 65-52",66,79.3,43.9,24.4,99.2,47.3,15.3,-19.0,-2.0,136.0,79.898828125,84.29765625,82.0843824620231,85.71151467235835,108.1134765625,110.026953125,107.18727836203834,105.31587654838266,20210222,90.0,105.9,-15.900000000000004,91.3,112.0,-20.700000000000006,87.7,107.6,-19.84,68.4,5.157320491561684,129.30144111707253,66.45405405405407,0.964160974773975,134.46299400047792,4.518671783935984,134.46299400047792,0.964160974773975,134.46299400047792,4.518671783935984,121.86473950132739,91.9,110.1,-18.22,68.3,90.0,105.9,-15.900000000000004,91.3,112.0,-20.700000000000006,2.26672969882552,128.5581523344368,0,96.96908062,99.30015499,-2.331074369999996,0.9767728000000001,96.23428439,102.73984490000001,-6.505560510000009,-5.3921162339999995,2021-02-22,0.9531397470301215,132.8969802594587,-2.4127498937557945,132.8969802594587,-10.16,4.570000000000004,26.631176649900937,14.730000000000004,-22.061176649900933,1,0,1,0,1,0,1,0,1,0,1,0,1,0,1,0,1,0,1,0,1,0,1,0,0,1,1,0,-5.262895900015248,-9.660000000000004,-5.614343850022866,0.45700000000000074,1.6366666666666667,-1,-1.0,-1,1,1,-1,-1.0,-1.0
-8.0,-31,-31.5,-27.335263933343498,-21.82175062583809,83.4,81.46666666666663,115.2,112.96666666666664,Wed 2-24 2-24,A,304 (Ⅳ),Southern,"L, 73-57",69,82.8,43.1,24.7,106.1,50.9,14.5,-4.5,8.0,134.5,81.6494140625,79.898828125,82.52292164134873,85.29123927738411,111.65673828125,108.1134765625,109.85818557469223,107.11298990322216,20210224,88.7,106.0,-17.299999999999994,90.5,104.2,-13.700000000000005,87.7,107.6,-19.84,68.4,9.366022692339797,130.9243543287945,68.88648648648649,6.1923317716489095,132.94950732044953,9.706814189339864,132.94950732044953,6.1923317716489095,132.94950732044953,9.706814189339864,121.08954703667858,92.5,104.0,-11.57,70.8,88.7,106.0,-17.299999999999994,90.5,104.2,-13.700000000000005,7.21026158947107,125.88615799980089,0,96.96908062,99.30015499,-2.331074369999996,0.9767728000000001,90.63372977,99.34270846,-8.708978689999995,-3.846128759,2021-02-24,-0.787330903206211,131.32717018985397,-1.4211781881446939,131.32717018985397,-11.16,-6.589999999999996,19.27745109993396,4.570000000000004,-25.867451099933955,1,0,1,0,0,1,1,0,1,0,1,0,0,1,1,0,1,0,1,0,0,1,1,0,0,1,1,0,-7.495263933343498,-11.66,-5.262895900015248,-0.5990909090909078,0.45700000000000074,-1,-1.0,-1,-1,1,-3,-1.0,-1.0
8.5,-7,-23.16666666666667,-20.556842622229,-19.12688687568571,75.4,78.09999999999997,82.4,101.26666666666664,Sat 2-27 2-27,H,213 (Ⅳ),Prairie View A&M,"L, 55-54",73,74.1,50.0,32.9,75.4,35.9,16.5,-24.5,9.5,133.5,78.52470703125,81.6494140625,80.14861442756583,83.49283213604153,97.028369140625,111.65673828125,100.70545704979484,102.61971901172724,20210227,88.7,107.1,-18.399999999999988,97.3,100.1,-2.799999999999997,87.7,107.6,-19.84,68.4,5.532902055871567,127.52479132872031,66.64864864864866,6.843489001926564,131.561602709286,11.458851131435821,131.561602709286,6.843489001926564,131.561602709286,11.458851131435821,127.90323105408619,95.9,102.0,-6.08,68.5,88.7,107.1,-18.399999999999988,97.3,100.1,-2.799999999999997,10.184567960371016,120.98247811874575,0,96.96908062,99.30015499,-2.331074369999996,0.9767728000000001,100.50736979999999,107.3855719,-6.87820210000001,-7.061078254,2021-02-27,-6.856565265246573,139.41201596275454,-7.166509766937878,139.41201596275454,12.84,6.2500000000000036,10.654967399955975,-6.589999999999996,-4.4049673999559715,1,0,1,0,1,0,1,0,0,1,1,0,1,0,1,0,0,1,1,0,1,0,0,1,1,0,0,1,-0.7168426222289987,-3.3266666666666715,-7.495263933343498,0.5208333333333357,-0.5990909090909078,-1,-1.0,-1,1,-1,-1,-3.0,-1.0
-3.0,-32,-23.766666666666666,-24.537895081486003,-21.558361989197397,83.0,80.59999999999997,115.5,104.36666666666666,Mon 3-01 3-01,H,247 (Ⅳ),Texas Southern,"L, 68-58",65,89.4,39.2,15.4,104.8,49.2,15.4,-15.5,7.0,141.5,80.762353515625,78.52470703125,81.09907628504389,83.40322629312489,106.2641845703125,97.028369140625,105.6369713665299,104.96158828232227,20210301,87.4,104.9,-17.5,96.2,103.0,-6.799999999999998,86.4,105.9,-19.43,68.9,5.47879701580257,137.2757007488869,70.6641536273115,4.011157003717713,137.85818138371997,9.551257655986445,137.85818138371997,4.011157003717713,137.85818138371997,9.551257655986445,125.32043077214381,98.6,105.5,-6.94,72.1,87.4,104.9,-17.5,96.2,103.0,-6.799999999999998,5.3814206490022,128.67205824595047,0,96.96908062,99.30015499,-2.331074369999996,0.9767728000000001,97.44864404,103.9391181,-6.490474059999997,-9.763286197000001,2021-03-01,-6.908151391283951,142.94723882470723,-9.481043276313947,142.94723882470723,-12.57,-6.319999999999997,9.186644933303985,6.2500000000000036,-15.506644933303981,0,1,1,0,0,1,1,0,1,0,1,0,0,1,1,0,1,0,1,0,0,1,0,1,0,1,0,1,-5.107895081486003,-4.336666666666666,-0.7168426222289987,-0.4861538461538437,0.5208333333333357,-1,-1.0,-1,-1,1,-3,-1.0,-3.0
-7.0,-23,-20.83333333333333,-24.02526338765733,-21.820477991161503,63.8,74.06666666666662,86.8,94.9,Thu 3-04 3-04,A,272 (Ⅳ),Jackson St.,"L, 50-35",64,54.4,26.5,18.7,77.7,33.0,23.3,-42.0,8.0,127.0,72.28117675781247,80.762353515625,75.3327175233626,79.83900333073855,96.53209228515622,106.2641845703125,99.35798091101995,101.65948132190005,20210304,91.6,108.0,-16.400000000000006,95.3,101.7,-6.400000000000006,86.3,105.8,-19.52,68.2,8.803103040564508,120.41282940032795,67.52091038406827,10.555410247233155,135.85499767267834,14.73419511668318,135.85499767267834,10.555410247233155,135.85499767267834,14.73419511668318,110.90089542437782,88.4,99.0,-10.68,69.6,91.6,108.0,-16.400000000000006,95.3,101.7,-6.400000000000006,12.508111947190676,114.21030524958144,0,96.96908062,99.30015499,-2.331074369999996,0.9767728000000001,89.68932186,95.10764444,-5.418322579999995,1.062895258,2021-03-04,1.322649649945447,125.36840783538759,1.9680169926226796,125.36840783538759,-3.4800000000000004,-9.799999999999997,4.017763288869324,-6.319999999999997,-13.817763288869322,1,0,1,0,1,0,0,1,1,0,0,1,1,0,0,1,1,0,1,0,0,1,1,0,0,1,1,0,-4.50526338765733,-1.313333333333329,-5.107895081486003,-0.6999999999999993,-0.4861538461538437,-1,-1.0,-1,-1,-1,-3,-3.0,-1.0
