ATS,EMRating,EMRating3GameEMA,EMRating5GameExpMA,EMRating10GameExpMA,AdjO,AdjO3GameEMA,AdjD,AdjD3GameEMA,Date,HomeAway,Op Rank,Opponent,Result,Pace,PPP,EFG%,TO%,PPP1,EFG%1,TO%1,OverUnder,ATSVegas,OverUnderVegas,AdjO3ExpMA,AdjO3ExpMAS,AdjO5ExpMA,AdjO10ExpMA,AdjD3ExpMA,AdjD3ExpMAS,AdjD5ExpMA,AdjD10ExpMA,DateNew,AdjOECurrent,AdjDECurrent,AdjEMCurrent,AdjOECurrentOpp,AdjDECurrentOpp,AdjEMCurrentOpp,PomAdjOECurrent,PomAdjDECurrent,PomAdjEMCurrent,PomAdjTCurrent,PomSpread,PomTotal,PomTempo,TRankSpread,TRankTotal,B3GSpread,B3GTotal,TRankLast10Spread,TRankLast10Total,MC5Spread,MC5Total,PomAdjOECurrentOpp,PomAdjDECurrentOpp,PomAdjEMCurrentOpp,PomAdjTCurrentOpp,AdjOELast10,AdjDELast10,AdjEMLast10,AdjOEOppLast10,AdjDEOppLast10,AdjEMOppLast10,MC10Spread,MC10Total,MC10Edge,AdjOE_MG,AdjDE_MG,AdjEM_MG,Adj_Margin_EM_MG,AdjOE_MG_Opp,AdjDE_MG_Opp,AdjEM_MG_Opp,Adj_Margin_EM_MG_Opp,Dates,MG_Spread,MG_Total,MG_Rank_Score_Dif,MG_Rank_Total,GameDifRating,DifCumSum,DifCumSumEMA,DifCumSumShifted,DifOverplayingandEMA,PomSpreadWinATS,PomSpreadLossATS,PomTotalWinTotal,PomTotalLossTotal,TRankSpreadWinATS,TRankSpreadLossATS,TRankTotalWinTotal,TRankTotalLossTotal,B3GSpreadWinATS,B3GSpreadLossATS,B3GTotalWinTotal,B3GTotalLossTotal,TRankLast10SpreadWinATS,TRankLast10SpreadLossATS,TRankLast10TotalWinTotal,TRankLast10TotalLossTotal,MC5SpreadWinATS,MC5SpreadLossATS,MC5TotalWinTotal,MC5TotalLossTotal,MG_SpreadWinATS,MG_SpreadLossATS,MG_TotalWinTotal,MG_TotalLossTotal,MG_Rank_Score_DifWinATS,MG_Rank_Score_DifLossATS,MG_Rank_TotalWinTotal,MG_Rank_TotalLossTotal,PlayingOverRating,PlayingOverRating3,PlayingOverRatingShift,RollingMeanDiffEM,RollingMeanDiffEMShift,PlayingOverPomeroyTrue,PlayingOverPomeroyShiftTrue,PlayingOverDailyTrue,RollingMeanDiffEMTrue,RollingMeanDiffEMShiftTrue,SignalSum,SignalSumShift,SignalSumShiftAfterGame
-6.0,0,,0.7000000000000028,0.7000000000000028,99.4,0.0,98.7,0.0,Sat 1-02 1-02,A,140 (Ⅱ),Navy,"L, 78-69",74,93.8,46.6,15.0,106.1,51.7,16.3,10.5,3.0,136.5,99.4,0.0,99.4,99.4,98.7,0.0,98.7,98.7,20210102,91.1,102.6,-11.5,101.9,103.7,-1.7999999999999972,96.5,103.4,-6.97,71.8,7.287591918621132,137.12450109034728,67.71465149359885,10.85830893150348,138.27870708716546,6.830875831696853,138.27870708716546,10.85830893150348,138.27870708716546,6.830875831696853,145.00217993138233,100.8,102.7,-1.81,66.3,91.1,102.6,-11.5,101.9,103.7,-1.7999999999999972,6.754977985977678,144.96502334784913,0,0.0,0.0,0.0,0.0,105.3394756303648,104.00290671568108,1.336568914683724,0.01951151005153424,2021-01-02,-0.0,0.0,,0.0,6.97,6.97,0.0,0.0,6.97,1,0,1,0,1,0,1,0,1,0,1,0,1,0,1,0,1,0,1,0,0,1,0,1,0,1,0,1,7.670000000000003,,0.0,6.97,0.0,1,0.0,1,1,1,3,0.0,0.0
-4.5,-9,,-2.63333333333333,-1.1181818181818155,82.5,0.0,91.8,0.0,Sun 1-03 1-03,H,140 (Ⅲ),Navy,"L, 63-60",70,85.8,34.0,20.0,90.1,40.6,14.3,-16.0,-1.5,139.0,90.95,99.4,93.76666666666668,96.32727272727271,95.25,98.7,96.4,97.44545454545454,20210103,91.1,102.5,-11.400000000000004,101.8,103.6,-1.7999999999999972,96.5,103.4,-6.97,71.7,-0.38335088153205277,136.53429421879116,67.51834992887625,3.045709184056875,137.29667895427474,-2.6624511570836398,137.29667895427474,3.045709184056875,137.29667895427474,-2.6624511570836398,141.93491273198453,100.8,102.7,-1.82,66.2,91.1,102.5,-11.400000000000004,101.8,103.6,-1.7999999999999972,-2.6471129059189455,142.00671882040473,0,96.27194614332777,95.78536660926201,0.48657953406575416,3.684291037064626,105.17498824618414,103.79849351033212,1.3764947358520203,1.3102943001617908,2021-01-03,-3.323884978564138,138.82062829131326,-3.5406088846074937,138.82062829131326,-2.0300000000000002,4.9399999999999995,6.97,6.97,-2.0300000000000002,1,0,1,0,1,0,1,0,0,1,1,0,1,0,1,0,0,1,0,1,0,1,1,0,0,1,1,0,4.33666666666667,,7.670000000000003,2.4699999999999998,6.97,1,1.0,-1,1,1,1,3.0,0.0
-25.0,-37,-15.333333333333336,-14.222222222222221,-7.714876033057849,72.8,84.89999999999998,110.2,100.23333333333332,Sat 1-09 1-09,H,238 (Ⅳ),Lafayette,"L, 83-60",75,80.3,46.0,29.5,111.1,47.1,18.7,-6.0,-2.0,149.0,81.875,90.95,86.7777777777778,92.0495867768595,102.725,95.25,101.0,99.76446280991736,20210109,91.5,102.3,-10.799999999999995,104.9,107.8,-2.8999999999999915,95.9,103.2,-7.38,72.6,-2.636574600145721,148.929045328462,72.18691322901849,2.1486957475782873,151.87806674199163,-7.209795018543802,151.87806674199163,2.1486957475782873,151.87806674199163,-7.209795018543802,147.22023154285196,101.5,107.0,-5.47,69.9,91.5,102.3,-10.799999999999995,104.9,107.8,-2.8999999999999915,-7.264548888151534,147.3503135072617,0,85.49313620000001,94.99139392,-9.498257719999984,-13.99551306,105.0668246,96.90783222,8.15899238,3.230843433,2021-01-09,8.7429150215575,134.50718459862614,10.522731001833264,134.50718459862614,-29.62,-24.68,6.293333333333334,4.9399999999999995,-30.973333333333333,0,1,1,0,1,0,0,1,0,1,0,1,1,0,0,1,0,1,1,0,1,0,1,0,1,0,1,0,-6.8422222222222215,-7.953333333333336,4.33666666666667,-8.226666666666667,2.4699999999999998,-1,1.0,-1,-1,1,-3,1.0,3.0
-4.5,-19,-22.0,-15.914814814814816,-9.82126220886551,100.0,85.1,119.3,107.1,Sun 1-10 1-10,A,238 (Ⅲ),Lafayette,"L, 87-76",71,107.6,54.9,12.7,123.2,58.2,11.3,16.5,6.5,146.5,90.9375,81.875,91.1851851851852,93.49511645379414,111.0125,102.725,107.10000000000002,103.31637866265964,20210110,91.5,102.3,-10.799999999999995,104.9,107.9,-3.0,95.8,103.2,-7.39,72.6,5.769621987692361,148.79708967949574,72.1869132290185,10.596575301368418,152.30236800299184,16.910752124133623,152.30236800299184,10.596575301368418,152.30236800299184,16.910752124133623,140.11266131977789,101.4,106.9,-5.47,69.9,91.5,102.3,-10.799999999999995,104.9,107.9,-3.0,16.738805348508517,140.1417985645978,0,85.49313620042373,94.99139392442991,-9.49825772400618,-13.995513059541016,105.06682459945615,96.90783221648105,8.1589923829751,3.230843433425877,2021-01-10,16.293462130100195,135.20806578729594,14.347619026398398,135.20806578729594,-11.61,-36.29,-4.03111111111111,-24.68,-32.25888888888889,0,1,1,0,1,0,1,0,1,0,1,0,1,0,1,0,1,0,0,1,1,0,0,1,1,0,0,1,-8.524814814814818,-14.61,-6.8422222222222215,-9.0725,-8.226666666666667,-1,-1.0,-1,-1,-1,-3,-3.0,1.0
1.0,-2,-19.766666666666666,-11.476543209876542,-8.508305443617235,101.7,91.5,104.3,111.26666666666668,Sat 1-16 1-16,H,313 (Ⅳ),Lehigh,"W, 75-70",72,104.2,56.6,20.8,97.2,46.1,16.7,1.5,-4.0,143.5,96.31875,90.9375,94.69012345679012,94.9869134621952,107.65625,111.0125,106.16666666666669,103.49521890581244,20210116,91.4,103.6,-12.199999999999989,96.5,107.6,-11.099999999999996,95.2,104.8,-9.58,72.4,-5.284929711362466,146.17260326161477,71.26714082503557,-2.8614661848721568,144.57589690330695,-0.2544708643944143,144.57589690330695,-2.8614661848721568,144.57589690330695,-0.2544708643944143,140.55490179941958,97.5,109.1,-11.63,69.2,91.4,103.6,-12.199999999999989,96.5,107.6,-11.099999999999996,-0.23825421269528732,140.65398091593846,0,89.41494007367874,97.07773795643959,-7.662797882760856,-10.01836305068251,95.60451754445069,100.59561526046578,-4.991097716015091,-1.4466628839369655,2021-01-16,-1.6428423717974,133.20320749208398,4.22771683233168,133.20320749208398,7.58,-28.71,-14.784074074074073,-36.29,-13.925925925925927,1,0,1,0,0,1,1,0,0,1,1,0,0,1,1,0,0,1,0,1,0,1,0,1,0,1,0,1,-1.8965432098765422,-10.186666666666666,-8.524814814814818,-5.742000000000001,-9.0725,-1,-1.0,-1,-1,-1,-3,-3.0,-3.0
14.5,5,-5.63333333333333,-5.984362139917697,-6.052249908414102,103.1,101.6,98.1,107.23333333333332,Sun 1-17 1-17,A,313 (Ⅳ),Lehigh,"W, 77-61",70,109.9,55.3,14.3,87.1,43.1,18.6,-7.0,-1.5,145.0,99.709375,96.31875,97.49341563786008,96.46202010543243,102.878125,107.65625,103.4777777777778,102.51427001384651,20210117,91.2,103.4,-12.200000000000005,96.2,107.3,-11.099999999999996,95.3,104.8,-9.58,72.4,2.8220462475872097,146.18097618171225,71.26714082503557,5.204308184231522,143.91871468464467,4.44830088168401,143.91871468464467,5.204308184231522,143.91871468464467,4.44830088168401,141.97118336927582,97.5,109.1,-11.63,69.2,91.2,103.4,-12.200000000000005,96.2,107.3,-11.099999999999996,4.638720486301028,141.8818477475537,0,89.17718138446966,99.18281154631651,-10.005630161846852,-12.153986815448928,96.16447414818293,101.90297355740213,-5.738499409219202,-1.9868560628214618,2021-01-17,7.086420953386877,135.90176752761175,9.100214492730856,135.90176752761175,14.58,-14.13,-19.42604938271605,-28.71,5.296049382716051,0,1,0,1,0,1,1,0,0,1,1,0,0,1,1,0,0,1,1,0,0,1,1,0,0,1,1,0,3.595637860082303,3.94666666666667,-1.8965432098765422,-2.3550000000000013,-5.742000000000001,1,-1.0,1,-1,-1,1,-3.0,-3.0
13.0,0,0.9333333333333372,-3.856241426611797,-4.879113561429717,99.9,101.56666666666668,99.5,100.63333333333333,Sat 1-30 1-30,A,313 (Ⅳ),Lehigh,"W, 84-70",79,106.4,55.4,15.2,88.6,38.2,17.7,9.0,-1.0,145.0,99.8046875,99.709375,98.29561042524008,97.08710735899015,101.1890625,102.878125,102.15185185185186,101.96622092041989,20210130,93.1,103.4,-10.300000000000011,97.0,109.2,-12.200000000000005,95.9,104.6,-8.69,71.9,1.3159467088197374,144.43182718912533,70.05903271692746,3.074161394463488,144.80961933158653,5.866806615058423,144.80961933158653,3.074161394463488,144.80961933158653,5.866806615058423,138.90041573008793,97.2,110.1,-12.87,68.5,93.1,103.4,-10.300000000000011,97.0,109.2,-12.200000000000005,3.8660383248991783,139.52798004121158,0,92.97448953751358,97.39227913947441,-4.417789601960834,-9.031582731767092,98.04282310028455,101.77658098273277,-3.7337578824482165,-3.6807401992059954,2021-01-30,4.4333864252328254,136.35557629336722,5.585715609854141,136.35557629336722,8.69,-5.440000000000001,-17.660699588477367,-14.13,12.220699588477366,0,1,0,1,0,1,0,1,0,1,0,1,0,1,0,1,0,1,0,1,0,1,0,1,0,1,0,1,4.833758573388202,9.623333333333337,3.595637860082303,-0.7771428571428576,-2.3550000000000013,1,1.0,1,-1,-1,1,1.0,-3.0
18.5,12,5.86666666666667,1.4958390489254696,-1.7738201866243133,111.7,104.90000000000002,99.5,99.03333333333332,Sun 1-31 1-31,H,313 (Ⅳ),Lehigh,"W, 92-68",77,119.4,59.1,15.6,88.3,38.5,16.9,13.5,-5.5,146.5,105.75234375,99.8046875,102.7637402834934,99.74399693008283,100.34453125,101.1890625,101.26790123456793,101.51781711670719,20210131,93.0,103.3,-10.299999999999997,96.9,109.2,-12.299999999999995,95.7,104.4,-8.7,71.9,-6.753167949568706,144.0163724539541,70.05903271692746,-5.094243379661037,144.64438785341176,-5.052429549780904,144.64438785341176,-5.094243379661037,144.64438785341176,-5.052429549780904,140.2949610019153,97.0,109.9,-12.89,68.5,93.0,103.3,-10.299999999999997,96.9,109.2,-12.299999999999995,-5.719401427018537,139.02501803272767,0,94.89097678113713,96.1521795120994,-1.2612027309622675,-6.849467109708394,97.80619058041052,103.58600659258086,-5.779816012170343,-6.506471642293067,2021-01-31,-6.909956698661958,138.01870430880172,-1.5903550283410368,138.01870430880172,20.7,15.259999999999998,-13.587133058984914,-5.440000000000001,28.847133058984912,1,0,0,1,0,1,0,1,0,1,0,1,0,1,0,1,0,1,0,1,1,0,0,1,0,1,0,1,10.19583904892547,14.56666666666667,4.833758573388202,1.9074999999999989,-0.7771428571428576,1,1.0,1,1,-1,3,1.0,1.0
-9.5,-14,-0.4666666666666638,-3.6694406340496863,-3.9967619708744384,98.9,103.5,112.9,103.96666666666664,Sat 2-27 2-27,H,244 (Ⅳ),American,"L, 78-71",71,100.5,50.0,18.4,110.4,54.5,17.0,9.0,-2.5,140.0,102.326171875,105.75234375,101.47582685566229,99.59054294279505,106.622265625,100.34453125,105.14526748971196,103.58730491366951,20210227,98.2,103.5,-5.299999999999997,97.0,103.5,-6.5,97.2,104.3,-7.05,72.1,-5.015172429615589,140.5719769821627,70.04879089615932,-4.946016460692718,144.89074526073875,-9.543743415342652,144.89074526073875,-4.946016460692718,144.89074526073875,-9.543743415342652,137.9516203355873,95.9,104.5,-8.63,68.3,98.2,103.5,-5.299999999999997,97.0,103.5,-6.5,-4.2768572450691735,135.35443560318203,0,95.92537994718924,96.22190311729412,-0.2965231701048765,-2.1329942735986416,94.47723954434109,95.77122609674885,-1.293986552407759,-4.0884757834591126,2021-02-27,-4.358092196911102,131.07821892871783,-3.2701443952345954,131.07821892871783,-6.95,8.309999999999999,-3.9714220393232775,15.259999999999998,12.281422039323276,0,1,1,0,0,1,1,0,0,1,1,0,0,1,1,0,0,1,0,1,0,1,0,1,0,1,0,1,3.3805593659503135,6.583333333333336,10.19583904892547,0.923333333333332,1.9074999999999989,1,1.0,1,1,1,3,3.0,1.0
-9.0,-23,-8.333333333333334,-10.17962708936646,-7.488259794351813,99.1,103.23333333333336,122.3,111.56666666666666,Sun 2-28 2-28,A,244 (Ⅲ),American,"L, 81-68",68,100.6,51.8,13.3,119.8,65.2,16.3,9.0,4.0,140.0,100.7130859375,102.326171875,100.6838845704415,99.50135331683231,114.4611328125,106.622265625,110.86351165980798,106.98961311118414,20210228,98.2,104.3,-6.099999999999994,97.8,103.8,-6.0,97.3,106.0,-8.76,72.3,5.27295593193395,141.76431476963717,69.31749644381223,4.104517397554261,144.74899821776864,-1.9457944324366279,144.74899821776864,4.104517397554261,144.74899821776864,-1.9457944324366279,136.5027503350913,97.8,104.6,-6.79,67.4,98.2,104.3,-6.099999999999994,97.8,103.8,-6.0,4.171697066454072,136.02102646874198,0,96.28570764689756,98.65389578308874,-2.368188136191179,-4.730723959135379,97.49849378494879,96.20434721597677,1.2941465689720246,-1.6803696301008217,2021-02-28,6.274947274261763,134.086578181074,3.9931030199887516,134.086578181074,-14.24,-5.9300000000000015,0.12238530711781426,8.309999999999999,-6.052385307117816,1,0,1,0,1,0,1,0,0,1,1,0,1,0,1,0,0,1,0,1,1,0,0,1,0,1,0,1,-1.419627089366461,0.42666666666666586,3.3805593659503135,-0.593,0.923333333333332,-1,1.0,-1,-1,1,-3,3.0,3.0
10.5,3,-11.266666666666666,-5.6530847262443045,-5.5085761953787555,110.9,102.96666666666668,107.5,114.23333333333332,Sat 3-06 3-06,A,238 (Ⅲ),Lafayette,"W, 92-84",76,120.5,60.9,19.6,110.0,54.9,11.8,26.0,2.5,150.0,105.80654296875,100.7130859375,104.08925638029436,101.57383453195372,110.98056640625,114.4611328125,109.74234110653866,107.08241072733247,20210306,91.4,102.5,-11.099999999999996,104.7,106.9,-2.200000000000003,97.0,105.9,-8.95,72.3,5.795141907108487,151.5102107658317,70.1402560455192,11.020919701494094,147.3910778485864,-1.4929604893522745,147.3910778485864,11.020919701494094,147.3910778485864,-1.4929604893522745,158.91158244536732,103.5,110.7,-7.23,68.2,91.4,102.5,-11.099999999999996,104.7,106.9,-2.200000000000003,3.896972648084387,152.84658526271278,0,97.93390689533736,100.12845688676173,-2.194549991424367,-3.7636750579708527,102.55579486608556,105.78659268844716,-3.2307978223615947,-2.1549014404463955,2021-03-06,3.4903609409740994,148.08731761717792,3.034206837855592,148.08731761717792,11.95,6.019999999999998,-1.8950764619214575,-5.9300000000000015,7.915076461921455,0,1,1,0,0,1,0,1,1,0,0,1,0,1,0,1,1,0,1,0,0,1,0,1,0,1,0,1,3.296915273755695,-2.3166666666666664,-1.419627089366461,0.5472727272727269,-0.593,1,-1.0,1,1,-1,3,-3.0,3.0
-18.5,-25,-15.0,-12.168723150829534,-9.088835068946254,103.2,104.40000000000002,128.4,119.40000000000002,Wed 3-10 3-10,A,75 (I-A),Colgate,"L, 105-75",75,99.5,50.8,13.3,139.3,59.6,13.3,23.5,11.5,156.5,104.503271484375,105.80654296875,103.7928375868629,101.86950098068941,119.690283203125,110.98056640625,115.96156073769244,110.95833604963563,20210310,91.4,102.5,-11.099999999999996,103.8,104.5,-0.7000000000000028,97.9,106.2,-8.36,72.5,18.387830130992725,160.50325139302333,75.18136557610242,12.700410175854913,155.32444166165942,16.877407564072573,155.32444166165942,12.700410175854913,155.32444166165942,16.877407564072573,166.45251313840038,109.5,99.8,9.74,72.9,91.4,102.5,-11.099999999999996,103.8,104.5,-0.7000000000000028,22.398219347059833,159.08612572980496,0,99.24573188,100.18201529999999,-0.9362834199999952,-3.806250213,106.43526499999999,92.03984885,14.395416149999988,16.24783412,2021-03-10,15.996630270900397,152.39775695461205,17.312965228991573,152.39775695461205,-16.64,-10.620000000000003,0.7432823587190274,6.019999999999998,-11.36328235871903,1,0,1,0,1,0,0,1,1,0,0,1,1,0,0,1,1,0,1,0,1,0,0,1,1,0,0,1,-3.8087231508295343,-6.640000000000001,3.296915273755695,-0.8850000000000016,0.5472727272727269,-1,1.0,-1,-1,1,-3,3.0,-3.0
