ATS,EMRating,EMRating3GameEMA,EMRating5GameExpMA,EMRating10GameExpMA,AdjO,AdjO3GameEMA,AdjD,AdjD3GameEMA,Date,HomeAway,Op Rank,Opponent,Result,Pace,PPP,EFG%,TO%,PPP1,EFG%1,TO%1,OverUnder,ATSVegas,OverUnderVegas,AdjO3ExpMA,AdjO3ExpMAS,AdjO5ExpMA,AdjO10ExpMA,AdjD3ExpMA,AdjD3ExpMAS,AdjD5ExpMA,AdjD10ExpMA,DateNew,AdjOECurrent,AdjDECurrent,AdjEMCurrent,AdjOECurrentOpp,AdjDECurrentOpp,AdjEMCurrentOpp,PomAdjOECurrent,PomAdjDECurrent,PomAdjEMCurrent,PomAdjTCurrent,PomSpread,PomTotal,PomTempo,TRankSpread,TRankTotal,B3GSpread,B3GTotal,TRankLast10Spread,TRankLast10Total,MC5Spread,MC5Total,PomAdjOECurrentOpp,PomAdjDECurrentOpp,PomAdjEMCurrentOpp,PomAdjTCurrentOpp,AdjOELast10,AdjDELast10,AdjEMLast10,AdjOEOppLast10,AdjDEOppLast10,AdjEMOppLast10,MC10Spread,MC10Total,MC10Edge,AdjOE_MG,AdjDE_MG,AdjEM_MG,Adj_Margin_EM_MG,AdjOE_MG_Opp,AdjDE_MG_Opp,AdjEM_MG_Opp,Adj_Margin_EM_MG_Opp,Dates,MG_Spread,MG_Total,MG_Rank_Score_Dif,MG_Rank_Total,GameDifRating,DifCumSum,DifCumSumEMA,DifCumSumShifted,DifOverplayingandEMA,PomSpreadWinATS,PomSpreadLossATS,PomTotalWinTotal,PomTotalLossTotal,TRankSpreadWinATS,TRankSpreadLossATS,TRankTotalWinTotal,TRankTotalLossTotal,B3GSpreadWinATS,B3GSpreadLossATS,B3GTotalWinTotal,B3GTotalLossTotal,TRankLast10SpreadWinATS,TRankLast10SpreadLossATS,TRankLast10TotalWinTotal,TRankLast10TotalLossTotal,MC5SpreadWinATS,MC5SpreadLossATS,MC5TotalWinTotal,MC5TotalLossTotal,MG_SpreadWinATS,MG_SpreadLossATS,MG_TotalWinTotal,MG_TotalLossTotal,MG_Rank_Score_DifWinATS,MG_Rank_Score_DifLossATS,MG_Rank_TotalWinTotal,MG_Rank_TotalLossTotal,PlayingOverRating,PlayingOverRating3,PlayingOverRatingShift,RollingMeanDiffEM,RollingMeanDiffEMShift,PlayingOverPomeroyTrue,PlayingOverPomeroyShiftTrue,PlayingOverDailyTrue,RollingMeanDiffEMTrue,RollingMeanDiffEMShiftTrue,SignalSum,SignalSumShift,SignalSumShiftAfterGame
5.5,2,,2.299999999999997,2.299999999999997,116.8,0.0,114.5,0.0,Fri 12-11 12-11,H,239 (Ⅳ),Marist,"W, 81-72",70,116.3,62.9,11.5,103.4,53.6,21.5,19.0,-3.5,134.0,116.8,0.0,116.8,116.8,114.5,0.0,114.5,114.5,20201211,99.4,101.9,-2.5,94.0,99.9,-5.900000000000006,97.5,103.1,-5.69,72.7,-5.592368836954634,134.45913335235474,70.83854907539119,-6.506702856967777,141.4903280391793,-9.30756953344493,141.4903280391793,-6.506702856967777,141.4903280391793,-9.30756953344493,144.0276228803627,91.2,99.1,-7.88,68.5,99.4,101.9,-2.5,94.0,99.9,-5.900000000000006,-9.278968925727648,144.00230201096392,0,0.0,0.0,0.0,0.0,96.00096538175808,95.93759116370222,0.06337421805585564,0.2819723890285407,2020-12-11,0.0,0.0,,0.0,7.69,7.69,0.0,0.0,7.69,1,0,1,0,1,0,1,0,1,0,1,0,1,0,1,0,1,0,1,0,0,1,0,1,1,0,0,1,7.9899999999999975,,0.0,7.69,0.0,1,0.0,1,1,1,3,0.0,0.0
-8.5,-14,,-3.3000000000000016,-0.7545454545454569,74.6,0.0,89.1,0.0,Sat 12-12 12-12,H,239 (Ⅳ),Marist,"L, 56-52",70,74.6,35.2,24.4,80.3,41.8,31.5,-28.0,-4.5,136.0,95.7,116.8,102.73333333333332,109.12727272727273,101.8,114.5,106.03333333333332,109.88181818181818,20201212,99.5,102.0,-2.5,94.1,100.0,-5.900000000000006,97.5,103.2,-5.69,72.6,-5.44368590876941,134.21099970690142,70.63783783783785,-6.499232977021066,141.38634839998582,-13.283735549337266,141.38634839998582,-6.499232977021066,141.38634839998582,-13.283735549337266,155.55691481150774,91.3,99.1,-7.88,68.4,99.5,102.0,-2.5,94.1,100.0,-5.900000000000006,-13.477190409484189,155.56295279438052,0,105.77838687301418,107.2713000354471,-1.492913162432913,1.1482580744026196,100.94224588991476,99.98312377439925,0.9591221155155125,2.443824857616816,2020-12-12,-2.5088418673788624,154.68169356264883,-1.0982222720830066,154.68169356264883,-8.309999999999999,-0.6199999999999983,7.69,7.69,-8.309999999999999,0,1,1,0,0,1,0,1,0,1,0,1,0,1,0,1,0,1,0,1,1,0,0,1,1,0,0,1,2.389999999999999,,7.9899999999999975,-0.3099999999999996,7.69,1,1.0,-1,-1,1,-1,3.0,0.0
-13.0,-21,-11.233333333333334,-9.366666666666667,-4.526446280991737,88.4,93.26666666666664,109.9,104.5,Sun 12-27 12-27,A,203 (Ⅲ),Monmouth,"L, 84-66",76,86.5,40.0,19.7,110.1,58.2,19.7,-5.5,5.0,155.5,92.05,95.7,97.95555555555555,105.35867768595041,105.85,101.8,107.32222222222221,109.88512396694216,20201227,100.1,102.9,-2.800000000000012,101.7,102.5,-0.7999999999999972,98.4,104.0,-5.67,71.7,6.377919377436939,158.02492648319478,77.41152204836416,6.202989312026034,163.84037606775993,2.6927436890622607,163.84037606775993,6.202989312026034,163.84037606775993,2.6927436890622607,168.02205615151715,99.8,102.9,-3.09,75.9,100.1,102.9,-2.800000000000012,101.7,102.5,-0.7999999999999972,3.156269646597598,167.81547279330462,0,98.21571389748071,107.27603648478359,-9.060322587302878,-7.848878454535075,102.96946383537315,111.184203978521,-8.21474014314785,-9.070917603091806,2020-12-27,5.856683388589786,173.63095138929236,1.0381533092499353,173.63095138929236,-15.33,-15.95,4.920000000000002,-0.6199999999999983,-20.87,1,0,0,1,1,0,0,1,0,1,0,1,1,0,0,1,0,1,0,1,1,0,0,1,0,1,0,1,-3.696666666666667,-5.563333333333334,2.389999999999999,-5.316666666666666,-0.3099999999999996,-1,1.0,-1,-1,-1,-3,-1.0,3.0
-22.5,-38,-24.86666666666667,-19.111111111111114,-10.721637866265967,86.8,83.26666666666667,125.4,108.13333333333333,Mon 12-28 12-28,A,203 (Ⅲ),Monmouth,"L, 97-69",79,87.4,41.0,22.8,122.8,69.0,16.5,13.5,5.5,152.5,89.425,92.05,94.23703703703707,101.98437265214123,115.625,105.85,113.34814814814816,112.70601051840721,20201228,101.7,104.1,-2.3999999999999915,101.7,100.8,0.9000000000000057,98.4,104.0,-5.67,71.7,6.377919377436939,158.02492648319478,77.41152204836416,7.262788321643924,164.76359006548648,10.793289258502204,164.76359006548648,7.262788321643924,164.76359006548648,10.793289258502204,163.51391771330177,99.8,102.9,-3.09,75.9,101.7,104.1,-2.3999999999999915,101.7,100.8,0.9000000000000057,10.664717779345436,163.45582602196362,0,93.75216580602968,104.05400790460469,-10.301842098575008,-6.175388771512562,101.24481279085194,106.97613722963699,-5.731324438785052,-4.089540802065963,2020-12-28,8.54625975834091,162.63450349113396,3.6709619430363176,162.63450349113396,-32.33,-48.28,-2.036666666666665,-15.95,-46.24333333333334,1,0,1,0,1,0,1,0,1,0,1,0,1,0,1,0,1,0,1,0,1,0,1,0,0,1,1,0,-13.441111111111114,-19.196666666666673,-3.696666666666667,-12.07,-5.316666666666666,-1,-1.0,-1,-1,-1,-3,-3.0,-1.0
16.0,11,-16.200000000000006,-8.907407407407412,-6.681340072399428,107.8,94.33333333333331,96.3,110.53333333333336,Fri 1-01 1-01,H,214 (Ⅳ),Saint Peter's,"W, 70-58",69,100.8,51.8,20.2,83.6,43.2,18.7,-10.5,4.0,138.5,98.6125,89.425,98.75802469135805,103.041759442661,105.9625,115.625,107.66543209876544,109.72309951506044,20210101,98.5,104.5,-6.0,95.9,95.0,0.9000000000000057,97.3,105.3,-8.03,71.8,2.1094728540058583,139.42953381780467,71.69786628733998,0.8914637180635339,142.0004246683822,9.255901246604985,142.0004246683822,0.8914637180635339,142.0004246683822,9.255901246604985,129.98653884644474,96.9,96.2,0.64,70.2,98.5,104.5,-6.0,95.9,95.0,0.9000000000000057,9.812585007634413,135.17223314757146,0,93.25868701666587,103.86373103810159,-10.605044021435717,-3.9231679421368617,95.82108333346004,93.2049711776796,2.616112155780442,3.7137814497267536,2021-01-01,5.4145033791754855,136.49048880855815,3.470091266427602,136.49048880855815,19.03,-29.25,-17.45111111111111,-48.28,-11.79888888888889,1,0,0,1,1,0,0,1,0,1,0,1,1,0,0,1,0,1,1,0,0,1,1,0,1,0,1,0,-0.8774074074074125,-8.170000000000007,-13.441111111111114,-5.85,-12.07,-1,-1.0,-1,-1,-1,-3,-3.0,-3.0
7.0,-2,-9.866666666666667,-6.771604938271607,-5.9210964228722585,107.8,100.8,110.3,110.66666666666669,Sat 1-02 1-02,H,214 (Ⅳ),Saint Peter's,"W, 63-60",63,100.7,44.3,17.6,95.9,45.4,22.4,-14.0,4.0,137.0,103.20625,98.6125,101.77201646090536,103.9068940894499,108.13125,105.9625,108.54362139917696,109.82799051232216,20210102,98.7,104.7,-6.0,96.1,95.2,0.8999999999999915,97.4,105.4,-8.03,71.8,1.960427399230852,139.51118029266274,71.59573257467996,0.8841662740875762,142.38095302891855,0.19655750587338988,142.38095302891855,0.8841662740875762,142.38095302891855,0.19655750587338988,131.90362197226148,96.9,96.4,0.59,70.1,98.7,104.7,-6.0,96.1,95.2,0.8999999999999915,3.8631576410949333,134.9219398668441,0,95.58805538279805,101.95334720771892,-6.365291824920874,1.8607412932654084,94.83123371424044,94.20803970240136,0.6231940118390753,2.391948105346957,2021-01-02,1.028653536530328,136.63626610264836,-1.666985521301541,136.63626610264836,6.029999999999999,-23.22,-21.384074074074075,-29.25,-1.835925925925924,1,0,0,1,1,0,0,1,1,0,0,1,1,0,0,1,1,0,1,0,1,0,1,0,1,0,1,0,1.2583950617283923,-1.8366666666666678,-0.8774074074074125,-3.87,-5.85,1,-1.0,-1,-1,-1,-1,-3.0,-3.0
12.0,-5,1.3333333333333333,-6.18106995884774,-5.753624345986393,94.5,103.36666666666666,99.5,102.03333333333336,Fri 2-12 2-12,A,246 (Ⅳ),Quinnipiac,"W, 74-67",77,95.8,36.1,11.7,86.8,48.4,22.0,0.0,5.0,141.0,98.853125,103.20625,99.34801097393692,102.19654970954993,103.815625,108.13125,105.5290809327847,107.95017405553631,20210212,100.0,105.2,-5.200000000000003,92.0,100.2,-8.200000000000003,99.2,105.9,-6.71,68.4,2.1063953537252047,136.12562203456366,68.59459459459461,1.4743259367938748,138.3281489247729,8.587700028441471,138.3281489247729,1.4743259367938748,138.3281489247729,8.587700028441471,134.19989909075758,93.0,101.8,-8.85,70.5,100.0,105.2,-5.200000000000003,92.0,100.2,-8.200000000000003,5.457575615044201,129.6023180790469,0,94.84514644864063,98.8438071904948,-3.9986607418541666,-3.7665872759416255,87.3465345839616,93.07586092757893,-5.7293263436173305,-2.528293370932405,2021-02-12,2.070445532822461,122.64103545196168,2.7096000626401917,122.64103545196168,1.71,-21.509999999999998,-21.996049382716052,-23.22,0.4860493827160539,1,0,0,1,1,0,0,1,0,1,0,1,1,0,0,1,0,1,0,1,1,0,0,1,1,0,0,1,0.5289300411522602,8.043333333333333,1.2583950617283923,-3.072857142857142,-3.87,1,1.0,1,-1,-1,1,-1.0,-3.0
17.5,16,2.833333333333333,1.2126200274348395,-1.7984199194434118,117.4,106.56666666666666,101.4,103.73333333333332,Sat 2-13 2-13,A,246 (Ⅳ),Quinnipiac,"W, 89-70",77,115.5,57.3,15.6,90.9,45.4,14.3,16.5,-1.5,142.5,108.1265625,98.853125,105.36534064929128,104.96081339872265,102.6078125,103.815625,104.15272062185645,106.75923331816608,20210213,97.8,106.2,-8.400000000000006,91.3,98.5,-7.200000000000002,99.2,105.9,-6.71,68.3,2.0262280270937936,135.6596998934637,68.39715504978663,4.23079463538717,135.43506108542732,7.5361685718098625,135.43506108542732,4.23079463538717,135.43506108542732,7.5361685718098625,137.97515585840432,92.9,101.8,-8.89,70.4,97.8,106.2,-8.400000000000006,91.3,98.5,-7.200000000000002,5.454477204527662,127.47011220076368,0,95.48101569626007,100.13326608503851,-4.652250388778441,-3.967330382241298,87.21799132466673,93.02323857669344,-5.805247252026717,-2.9558106510031013,2021-02-13,2.414310259553382,123.38533448996063,2.5406778192326698,123.38533448996063,22.71,1.2000000000000028,-21.834032921810703,-21.509999999999998,23.034032921810706,0,1,0,1,0,1,0,1,0,1,0,1,0,1,0,1,0,1,0,1,0,1,0,1,0,1,0,1,7.9226200274348395,9.543333333333333,0.5289300411522602,0.15000000000000036,-3.072857142857142,1,1.0,1,1,-1,3,1.0,-1.0
5.5,-4,2.333333333333333,-0.5249199817101068,-2.198707206817337,102.1,104.66666666666664,106.1,102.33333333333331,Fri 2-19 2-19,A,291 (Ⅳ),Fairfield,"W, 80-69",71,112.1,50.8,9.8,96.7,44.4,21.0,12.5,-5.5,136.5,105.11328125,108.1265625,104.2768937661942,104.44066550804578,104.35390625,102.6078125,104.8018137479043,106.63937271486314,20210219,100.8,106.2,-5.400000000000006,95.5,110.7,-15.200000000000005,100.7,105.6,-4.95,69.7,-3.6815809543914213,133.4178321502633,64.14779516358465,-2.7659700294908873,140.03833158615654,-1.7590489743113986,140.03833158615654,-2.7659700294908873,140.03833158615654,-1.7590489743113986,137.54249118062356,93.6,109.7,-16.14,64.7,100.8,106.2,-5.400000000000006,95.5,110.7,-15.200000000000005,-2.0945581271043596,138.37636244547562,0,94.8605233,99.20322893,-4.3427056299999975,-3.954719206,94.75870705,103.5888297,-8.830122650000007,-5.769239166,2021-02-19,0.7381414953020808,126.49497091772503,0.5448358488615312,126.49497091772503,0.9500000000000002,2.150000000000003,-14.156021947873803,1.2000000000000028,16.306021947873806,0,1,0,1,0,1,1,0,0,1,1,0,0,1,1,0,0,1,1,0,0,1,0,1,0,1,0,1,4.4250800182898935,7.283333333333333,7.9226200274348395,0.23888888888888982,0.15000000000000036,1,1.0,1,1,1,3,3.0,1.0
-18.0,-29,-5.833333333333332,-10.183279987806737,-7.162578623759639,73.4,97.63333333333333,102.9,103.46666666666664,Sat 2-20 2-20,A,291 (Ⅳ),Fairfield,"L, 66-53",68,78.2,38.4,19.2,97.3,42.6,19.2,-17.5,-5.0,136.5,89.256640625,105.11328125,93.98459584412949,98.79690814294656,103.626953125,104.35390625,104.1678758319362,105.95948676670622,20210220,100.9,106.2,-5.299999999999997,95.6,110.8,-15.200000000000005,100.9,105.8,-4.95,69.6,-3.664581742246355,133.33531873827937,63.85775248933144,-2.817093029540203,139.63065767835013,-9.386867857320368,139.63065767835013,-2.817093029540203,139.63065767835013,-9.386867857320368,140.3238806989399,93.8,109.9,-16.12,64.5,100.9,106.2,-5.299999999999997,95.6,110.8,-15.200000000000005,-1.3647622181521901,138.77970228777252,0,101.5183362552035,89.72398418667271,11.794352068530785,7.245411554254358,102.00059019587715,99.96346531740231,2.0371248784748417,2.0873329082999943,2021-02-20,-2.988303258111678,126.31525133253177,-1.4223804932062905,126.31525133253177,-24.05,-21.9,-8.720681298582537,2.150000000000003,-13.179318701417461,1,0,1,0,1,0,0,1,0,1,0,1,1,0,0,1,0,1,0,1,1,0,1,0,1,0,1,0,-5.233279987806736,-0.883333333333332,4.4250800182898935,-2.1899999999999995,0.23888888888888982,-1,1.0,-1,-1,1,-3,3.0,3.0
-0.5,-11,-14.966666666666667,-10.588853325204491,-7.93301887398516,93.8,89.76666666666667,105.2,104.7333333333333,Thu 3-04 3-04,A,190 (Ⅲ),Siena,"L, 73-66",70,94.2,50.0,18.5,104.1,50.9,22.8,-1.5,6.5,140.5,91.5283203125,89.256640625,93.9230638960863,97.88837938968355,104.4134765625,103.626953125,104.51191722129082,105.82139826366873,20210304,101.7,104.1,-2.3999999999999915,106.3,104.3,2.0,99.5,105.7,-6.17,70.7,8.443625366439605,139.31516290493448,66.97894736842105,7.312851424295104,148.87253650130222,5.590169155366183,148.87253650130222,7.312851424295104,148.87253650130222,5.590169155366183,138.10527409240134,102.0,101.5,0.59,66.6,101.7,104.1,-2.3999999999999915,106.3,104.3,2.0,6.678955988273086,134.48114002178627,0,94.8605233,99.20322893,-4.3427056299999975,-3.954719206,102.5692025,96.68292447,5.88627803,5.65215491,2021-03-04,10.609061638313236,133.005736932614,8.325910628157025,133.005736932614,-4.83,-26.729999999999997,-13.113787532388358,-21.9,-13.61621246761164,1,0,1,0,1,0,0,1,0,1,0,1,1,0,0,1,0,1,1,0,1,0,1,0,1,0,1,0,-4.418853325204491,-8.796666666666667,-5.233279987806736,-2.4299999999999997,-2.1899999999999995,-1,-1.0,-1,-1,-1,-3,-3.0,3.0
7.0,-4,-15.066666666666668,-8.492568883469662,-7.27246998780604,105.0,90.7333333333333,109.3,105.8,Fri 3-05 3-05,A,190 (Ⅲ),Siena,"W, 76-75",71,107.5,55.3,18.4,106.0,56.5,15.6,11.0,6.0,140.0,98.26416015625,91.5283203125,97.6153759307242,99.18140131883196,106.85673828125,104.4134765625,106.10794481419387,106.45387130663805,20210305,101.7,104.1,-2.3999999999999915,106.3,104.3,2.0,99.3,105.6,-6.32,70.7,8.424873836100431,138.9046747030812,66.97894736842105,7.312851424295104,148.87253650130222,5.825361019815197,148.87253650130222,7.312851424295104,148.87253650130222,5.825361019815197,135.7188527594661,101.8,101.4,0.39,66.6,101.7,104.1,-2.3999999999999915,106.3,104.3,2.0,8.048782067985032,131.60143327983795,0,94.8605233,99.20322893,-4.3427056299999975,-3.954719206,102.5692025,96.68292447,5.88627803,5.65215491,2021-03-05,10.609061638313236,133.005736932614,8.325910628157025,133.005736932614,2.3200000000000003,-24.409999999999997,-17.65252502159224,-26.729999999999997,-6.757474978407757,0,1,0,1,0,1,1,0,1,0,1,0,0,1,1,0,1,0,0,1,0,1,0,1,0,1,0,1,-2.172568883469662,-8.746666666666668,-4.418853325204491,-2.0341666666666667,-2.4299999999999997,-1,-1.0,-1,-1,-1,-3,-3.0,-3.0
-8.5,-10,-8.799999999999997,-9.228379255646438,-7.895657262750393,103.4,100.7333333333333,114.1,109.53333333333336,Mon 3-08 3-08,N,283 (Ⅳ),Rider,"L, 78-76",69,109.9,49.2,8.7,112.8,55.3,18.8,6.5,-6.5,147.5,100.832080078125,98.26416015625,99.54358395381615,99.94841926086252,110.478369140625,106.85673828125,108.77196320946258,107.84407652361294,20210308,101.7,104.1,-2.3999999999999915,93.4,106.5,-13.099999999999996,99.8,105.4,-5.54,71.0,-4.970409811539739,147.92075774753545,68.9800853485064,-7.8262430224411474,145.1665636270992,-3.5068160033612825,145.1665636270992,-7.8262430224411474,145.1665636270992,-3.5068160033612825,145.64407427236847,98.8,111.6,-12.73,68.3,101.7,104.1,-2.3999999999999915,93.4,106.5,-13.099999999999996,-2.6865408970882414,145.04264600260424,0,94.8605233,99.20322893,-4.3427056299999975,-3.954719206,101.2315071,104.95016809999998,-3.718660999999983,-6.099962422000001,2021-03-08,0.6134975271320826,141.24062502051663,-1.479790601329853,141.24062502051663,-4.46,-28.869999999999997,-19.905016681061493,-24.409999999999997,-8.964983318938504,1,0,1,0,0,1,0,1,1,0,0,1,0,1,0,1,1,0,0,1,1,0,0,1,1,0,0,1,-3.6883792556464376,-3.259999999999997,-2.172568883469662,-2.22076923076923,-2.0341666666666667,-1,-1.0,-1,-1,-1,-3,-3.0,-3.0
