ATS,EMRating,EMRating3GameEMA,EMRating5GameExpMA,EMRating10GameExpMA,AdjO,AdjO3GameEMA,AdjD,AdjD3GameEMA,Date,HomeAway,Op Rank,Opponent,Result,Pace,PPP,EFG%,TO%,PPP1,EFG%1,TO%1,OverUnder,ATSVegas,OverUnderVegas,AdjO3ExpMA,AdjO3ExpMAS,AdjO5ExpMA,AdjO10ExpMA,AdjD3ExpMA,AdjD3ExpMAS,AdjD5ExpMA,AdjD10ExpMA,DateNew,AdjOECurrent,AdjDECurrent,AdjEMCurrent,AdjOECurrentOpp,AdjDECurrentOpp,AdjEMCurrentOpp,PomAdjOECurrent,PomAdjDECurrent,PomAdjEMCurrent,PomAdjTCurrent,PomSpread,PomTotal,PomTempo,TRankSpread,TRankTotal,B3GSpread,B3GTotal,TRankLast10Spread,TRankLast10Total,MC5Spread,MC5Total,PomAdjOECurrentOpp,PomAdjDECurrentOpp,PomAdjEMCurrentOpp,PomAdjTCurrentOpp,AdjOELast10,AdjDELast10,AdjEMLast10,AdjOEOppLast10,AdjDEOppLast10,AdjEMOppLast10,MC10Spread,MC10Total,MC10Edge,AdjOE_MG,AdjDE_MG,AdjEM_MG,Adj_Margin_EM_MG,AdjOE_MG_Opp,AdjDE_MG_Opp,AdjEM_MG_Opp,Adj_Margin_EM_MG_Opp,Dates,MG_Spread,MG_Total,MG_Rank_Score_Dif,MG_Rank_Total,GameDifRating,DifCumSum,DifCumSumEMA,DifCumSumShifted,DifOverplayingandEMA,PomSpreadWinATS,PomSpreadLossATS,PomTotalWinTotal,PomTotalLossTotal,TRankSpreadWinATS,TRankSpreadLossATS,TRankTotalWinTotal,TRankTotalLossTotal,B3GSpreadWinATS,B3GSpreadLossATS,B3GTotalWinTotal,B3GTotalLossTotal,TRankLast10SpreadWinATS,TRankLast10SpreadLossATS,TRankLast10TotalWinTotal,TRankLast10TotalLossTotal,MC5SpreadWinATS,MC5SpreadLossATS,MC5TotalWinTotal,MC5TotalLossTotal,MG_SpreadWinATS,MG_SpreadLossATS,MG_TotalWinTotal,MG_TotalLossTotal,MG_Rank_Score_DifWinATS,MG_Rank_Score_DifLossATS,MG_Rank_TotalWinTotal,MG_Rank_TotalLossTotal,PlayingOverRating,PlayingOverRating3,PlayingOverRatingShift,RollingMeanDiffEM,RollingMeanDiffEMShift,PlayingOverPomeroyTrue,PlayingOverPomeroyShiftTrue,PlayingOverDailyTrue,RollingMeanDiffEMTrue,RollingMeanDiffEMShiftTrue,SignalSum,SignalSumShift,SignalSumShiftAfterGame
39.0,48,,48.1,48.1,131.1,0.0,83.0,0.0,Sat 1-02 1-02,H,183 (Ⅲ),Army,"W, 101-57",75,135.3,74.6,20.1,76.3,40.0,14.7,15.5,-5.0,142.5,131.1,0.0,131.1,131.1,83.0,0.0,83.0,83.0,20210102,103.6,104.4,-0.8000000000000114,96.5,101.0,-4.5,104.3,102.8,1.5,69.9,-8.072076747436128,141.16754870632013,69.99943100995735,-6.90725892324528,147.24505119992082,-29.11404315494064,147.24505119992082,-6.90725892324528,147.24505119992082,-29.11404315494064,142.30037941169246,95.6,99.9,-4.29,70.4,103.6,104.4,-0.8000000000000114,96.5,101.0,-4.5,-29.112341164124118,142.21476617330956,0,0.0,0.0,0.0,0.0,98.59787302555449,92.20345760879565,6.3944154167588465,4.151417850610408,2021-01-02,0.0,0.0,,0.0,46.5,46.5,0.0,0.0,46.5,1,0,0,1,1,0,1,0,1,0,1,0,1,0,1,0,1,0,0,1,0,1,0,1,1,0,0,1,46.6,,0.0,46.5,0.0,1,0.0,1,1,1,3,0.0,0.0
-10.5,-12,,28.03333333333334,37.154545454545456,95.9,0.0,108.0,0.0,Sun 1-03 1-03,H,183 (Ⅲ),Army,"L, 75-73",74,98.9,50.8,14.9,101.6,51.6,16.3,-2.5,-8.5,150.5,113.5,131.1,119.36666666666667,124.7,95.5,83.0,91.33333333333334,87.54545454545455,20210103,103.5,104.3,-0.7999999999999972,96.5,100.9,-4.400000000000006,104.3,102.8,1.51,69.8,-8.049079097384293,140.76535705410944,69.8,-6.804931997309481,146.61995220593832,-36.63135426784157,146.61995220593832,-6.804931997309481,146.61995220593832,-36.63135426784157,145.42546626961882,95.6,99.9,-4.29,70.3,103.5,104.3,-0.7999999999999972,96.5,100.9,-4.400000000000006,-36.41778198254098,145.37864429118056,0,117.68803389647104,91.56848453942156,26.11954935704948,45.19592802263406,97.14454884188919,95.23932353604931,1.9052253058398776,3.0816905449784247,2021-01-03,-20.550606110179984,144.11879186837234,-31.821906648046337,144.11879186837234,-13.51,32.99,46.5,46.5,-13.509999999999998,1,0,1,0,1,0,1,0,0,1,1,0,1,0,1,0,0,1,1,0,0,1,1,0,0,1,1,0,26.523333333333337,,46.6,16.495,46.5,1,1.0,-1,1,1,1,3.0,0.0
3.0,9,15.0,21.68888888888889,32.03553719008264,114.8,113.93333333333334,105.8,98.93333333333334,Sat 1-09 1-09,A,232 (Ⅲ),Boston University,"W, 86-79",73,118.3,57.6,5.5,108.6,49.3,16.5,16.5,-4.0,148.5,114.15,113.5,117.84444444444445,122.9,100.65,95.5,96.15555555555555,90.86446280991736,20210109,105.2,104.0,1.2000000000000028,100.3,104.8,-4.5,105.9,102.8,3.08,71.0,-0.7379674181557476,148.61352177869765,70.09103840682789,0.04946738598150091,153.8210440903031,-15.094703724152298,153.8210440903031,0.04946738598150091,153.8210440903031,-15.094703724152298,147.72004332762944,100.3,104.0,-3.72,69.4,105.2,104.0,1.2000000000000028,100.3,104.8,-4.5,-15.282526914617984,148.07281679381683,0,112.11439209999999,98.23882673,13.87556536999999,22.37362597,96.7531443,101.6185837,-4.8654394,-9.636859738,2021-01-09,-9.348316916193795,149.55521457169286,-20.348950112454816,149.55521457169286,5.92,38.910000000000004,41.99666666666667,32.99,-3.086666666666666,0,1,1,0,0,1,1,0,1,0,1,0,0,1,1,0,1,0,0,1,1,0,1,0,1,0,1,0,18.60888888888889,11.92,26.523333333333337,12.97,16.495,1,1.0,-1,1,1,1,1.0,3.0
39.0,39,12.1,27.59259259259259,33.37453042824943,115.1,108.59999999999998,75.7,96.5,Sun 1-10 1-10,A,232 (Ⅲ),Boston University,"W, 89-45",68,130.8,62.1,14.7,66.2,25.8,16.2,-18.5,-5.0,152.5,114.625,114.15,116.92962962962964,121.48181818181816,88.17500000000003,100.65,89.33703703703705,88.10728775356873,20210110,105.2,104.0,1.2000000000000028,100.3,104.9,-4.6000000000000085,105.8,102.7,3.08,70.9,-0.7402410439754732,148.11679237631262,69.99231863442391,-0.023864192006698204,153.68366900892954,-12.253955058313702,153.68366900892954,-0.023864192006698204,153.68366900892954,-12.253955058313702,155.461219723373,100.2,103.9,-3.72,69.4,105.2,104.0,1.2000000000000028,100.3,104.9,-4.6000000000000085,-12.485637513435485,155.29636124727017,0,112.1143920700414,98.2388267257938,13.875565344247605,22.37362596624052,96.75314429844326,101.61858372865544,-4.865439430212177,-9.636859738239806,2021-01-10,-9.33551555617855,149.35041717546443,-20.32028961691438,149.35041717546443,35.92,74.83000000000001,40.96777777777778,38.910000000000004,33.86222222222223,0,1,1,0,0,1,0,1,1,0,0,1,0,1,0,1,1,0,0,1,1,0,1,0,1,0,1,0,24.51259259259259,9.02,18.60888888888889,18.7075,12.97,1,1.0,1,1,1,3,1.0,1.0
22.0,34,27.466666666666665,29.728395061728396,33.48825216856771,124.6,118.16666666666669,90.6,90.7,Sat 1-16 1-16,H,260 (Ⅳ),Holy Cross,"W, 95-55",68,139.9,57.3,7.4,81.0,43.6,22.1,-1.5,-18.0,151.5,119.6125,114.625,119.48641975308644,122.04876033057847,89.3875,88.17500000000003,89.75802469135803,88.56050816201079,20210116,106.8,102.3,4.5,94.3,110.6,-16.299999999999994,107.6,101.7,5.91,70.6,-20.982182403761186,150.31034240315458,70.59999999999998,-19.98461671677849,155.48537042701605,-23.135799871943387,155.48537042701605,-19.98461671677849,155.48537042701605,-23.135799871943387,147.5599587767444,93.1,110.2,-17.09,70.3,106.8,102.3,4.5,94.3,110.6,-16.299999999999994,-23.16015441123449,147.3827948780281,0,113.10606529685153,92.54205344403879,20.56401185281274,23.26647895081717,101.23283767375082,99.7154155550444,1.5174221187064205,-1.4801107832895104,2021-01-16,-17.9773924248516,149.56498068870724,-19.66322881524715,149.56498068870724,28.09,102.92000000000002,52.2551851851852,74.83000000000001,50.66481481481482,1,0,1,0,1,0,0,1,1,0,0,1,1,0,0,1,1,0,1,0,0,1,1,0,1,0,1,0,23.818395061728395,21.556666666666665,24.51259259259259,20.584000000000003,18.7075,1,1.0,1,1,1,3,3.0,1.0
-10.0,-1,23.866666666666664,19.21893004115227,27.072206319737216,109.9,116.53333333333332,111.7,92.66666666666669,Sun 1-17 1-17,H,260 (Ⅳ),Holy Cross,"W, 96-87",81,118.3,57.8,14.8,107.2,53.3,18.5,33.0,-19.0,150.0,114.75625,119.6125,116.29094650205765,119.83989481592785,100.54375,89.3875,97.07201646090536,92.76768849619064,20210117,106.5,102.1,4.400000000000006,94.0,110.3,-16.299999999999994,107.6,101.7,5.91,70.6,-20.952335771607892,150.09652968280872,70.49957325746799,-19.820972943494894,154.44011230863075,-29.089612817361516,154.44011230863075,-19.820972943494894,154.44011230863075,-29.089612817361516,151.25973052322792,93.1,110.2,-17.09,70.2,106.5,102.1,4.400000000000006,94.0,110.3,-16.299999999999994,-28.989323582505435,151.33585519224135,0,112.92790918865651,91.80448543855593,21.123423750100585,28.98340596634257,98.83559824607882,101.19693086903835,-2.3613326229595373,-0.2013504067171754,2021-01-17,-21.128830509522544,148.40013929245683,-22.833193919267615,148.40013929245683,-6.91,96.01000000000002,69.14345679012348,102.92000000000002,26.86654320987654,0,1,1,0,0,1,1,0,0,1,1,0,0,1,1,0,0,1,1,0,0,1,0,1,0,1,0,1,13.30893004115227,17.956666666666663,23.818395061728395,16.001666666666665,20.584000000000003,1,1.0,1,1,1,3,3.0,3.0
-4.0,9,13.800000000000002,15.879286694101514,23.822714261603174,92.9,109.13333333333333,83.7,95.33333333333331,Sat 1-30 1-30,A,260 (Ⅲ),Holy Cross,"W, 74-63 OT",76,97.2,45.5,17.1,82.8,37.5,15.8,-21.0,-15.0,158.0,103.828125,114.75625,108.49396433470508,114.94173212212276,92.121875,100.54375,92.6146776406036,91.1190178605196,20210130,108.4,102.7,5.700000000000002,96.1,111.4,-15.300000000000011,109.2,102.6,6.65,71.6,-13.843664134964996,158.81611635238843,73.22958748221907,-11.918881742034287,163.8414716891728,-17.347743976069214,163.8414716891728,-11.918881742034287,163.8414716891728,-17.347743976069214,163.20846744851372,94.3,111.6,-17.28,71.9,108.4,102.7,5.700000000000002,96.1,111.4,-15.300000000000011,-20.02303572138245,160.8829903162659,0,112.06337919717888,94.24085520916948,17.822523988009394,22.471195708024613,99.01929716584223,102.33025235964058,-3.3109551937983497,-5.595472660735169,2021-01-30,-11.6314179835002,155.27544841441232,-18.329664703732718,155.27544841441232,2.3499999999999996,98.36000000000001,78.09897119341566,96.01000000000002,20.26102880658435,1,0,0,1,1,0,0,1,0,1,0,1,1,0,0,1,0,1,0,1,1,0,1,0,0,1,1,0,9.229286694101514,7.150000000000002,13.30893004115227,14.051428571428572,16.001666666666665,1,1.0,1,1,1,3,3.0,3.0
3.0,12,6.599999999999999,14.71952446273434,21.745857123129863,104.1,102.3,91.7,95.7,Sun 1-31 1-31,A,260 (Ⅲ),Holy Cross,"W, 78-60",69,112.9,44.1,11.6,86.8,44.9,20.3,-19.0,-15.0,157.0,103.9640625,103.828125,107.02930955647007,112.97050809991863,91.9109375,92.121875,92.30978509373571,91.22465097678877,20210131,108.3,102.6,5.700000000000002,96.0,111.3,-15.299999999999995,109.0,102.4,6.63,71.6,-13.825855450675888,158.20883891710622,73.22958748221907,-11.911928495080673,163.52865583133433,-22.48625527280683,163.52865583133433,-11.911928495080673,163.52865583133433,-22.48625527280683,156.41084945628006,94.1,111.4,-17.3,71.9,108.3,102.6,5.700000000000002,96.0,111.3,-15.299999999999995,-18.296557110812973,154.5884107786268,0,109.00033082385801,92.58245546281324,16.417875361044764,21.261158149107487,97.10160841887993,100.42289846065334,-3.321290041773409,-5.216398505086596,2021-01-31,-10.467753743655607,148.85104100705956,-17.174483905537443,148.85104100705956,5.37,103.73000000000002,84.85264746227712,98.36000000000001,18.8773525377229,0,1,0,1,0,1,0,1,1,0,0,1,0,1,0,1,1,0,1,0,0,1,1,0,1,0,1,0,8.089524462734339,-0.030000000000001137,9.229286694101514,12.966249999999999,14.051428571428572,1,1.0,1,1,1,3,3.0,3.0
3.5,19,13.533333333333333,16.146349641822894,21.246610373469892,117.5,104.83333333333331,98.5,91.3,Sat 2-13 2-13,A,183 (Ⅱ),Army,"W, 84-74",74,113.0,62.5,16.1,99.5,49.2,13.4,9.0,-6.5,149.0,110.73203125,103.9640625,110.51953970431342,113.79405208175159,95.20546875,91.9109375,94.37319006249051,92.54744170828172,20210213,109.0,98.8,10.200000000000003,100.8,100.2,0.5999999999999943,108.2,101.1,7.17,70.4,-1.70435826311315,142.68001339152175,68.69758179231864,-2.6610793553971774,146.7272059068461,-6.962296707997885,146.7272059068461,-2.6610793553971774,146.7272059068461,-6.962296707997885,135.98909517291253,99.2,100.4,-1.25,68.6,109.0,98.8,10.200000000000003,100.8,100.2,0.5999999999999943,-6.657154449137865,138.35681155220556,0,108.2454084575615,91.81933338847686,16.426075069084632,20.829929442994324,103.04970264140795,96.18807882284256,6.861623818565391,4.020454422595087,2021-02-13,-2.769379957711635,139.64474212133504,-9.385167981868449,139.64474212133504,11.83,115.56000000000002,91.14509830818476,103.73000000000002,24.41490169181526,0,1,0,1,0,1,0,1,1,0,0,1,0,1,0,1,1,0,0,1,0,1,0,1,1,0,0,1,8.976349641822894,6.363333333333333,8.089524462734339,12.839999999999998,12.966249999999999,1,1.0,1,1,1,3,3.0,3.0
2.5,9,13.466666666666665,13.764233094548596,19.01995394192991,119.3,113.63333333333333,110.3,100.16666666666669,Sun 2-14 2-14,A,183 (Ⅱ),Army,"W, 92-83",78,118.7,57.0,12.9,107.1,50.7,18.1,23.5,-6.5,151.5,115.016015625,110.73203125,113.44635980287559,114.79513352143309,102.752734375,95.20546875,99.682126708327,95.77517957950322,20210214,109.3,99.1,10.200000000000003,101.1,100.5,0.5999999999999943,108.3,101.1,7.17,70.4,-1.8430503448984155,142.818705473307,68.69758179231864,-2.6571512745068873,147.59079574026185,-3.124696069187895,147.59079574026185,-2.6571512745068873,147.59079574026185,-3.124696069187895,142.2315025657277,99.2,100.5,-1.25,68.6,109.3,99.1,10.200000000000003,101.1,100.5,0.5999999999999943,-8.556826581969077,140.2374183087707,0,108.00919284299091,91.50934116092763,16.49985168206328,18.71998345638871,102.98110725007521,96.14219401250791,6.838913237567297,3.0917060721867813,2021-02-14,-2.8565515008259297,139.17900334317886,-8.602938902999128,139.17900334317886,1.83,117.39000000000001,99.28339887212317,115.56000000000002,18.106601127876843,0,1,0,1,0,1,0,1,0,1,0,1,0,1,0,1,0,1,0,1,0,1,0,1,1,0,0,1,6.594233094548596,6.296666666666665,8.976349641822894,11.739,12.839999999999998,1,1.0,1,1,1,3,3.0,3.0
-1.5,1,9.9,9.742822063032401,15.870871407033563,100.4,112.39999999999998,98.7,102.5,Sat 2-20 2-20,H,232 (Ⅳ),Boston University,"W, 82-72",75,109.0,52.2,14.6,95.7,48.5,19.9,3.0,-11.5,151.0,107.7080078125,115.016015625,109.09757320191707,112.17783651753618,100.7263671875,102.752734375,99.3547511388847,96.30696511050259,20210220,110.3,99.8,10.5,101.5,111.1,-9.599999999999994,109.9,101.5,8.35,71.9,-16.754161252509775,150.37119891288523,67.50213371266004,-19.030439864556712,155.24153508654976,-11.071156363852307,155.24153508654976,-19.030439864556712,155.24153508654976,-11.071156363852307,148.6248379363722,100.8,110.1,-9.27,66.0,110.3,99.8,10.5,101.5,111.1,-9.599999999999994,-22.453693597089515,148.59551429259014,0,107.174770106439,91.62878580731106,15.545984299127937,17.053814974292568,98.22771995716171,105.52933177895586,-7.301611821794154,-13.416248056791895,2021-02-20,-19.908341676198773,140.93523809097303,-22.492378527512443,140.93523809097303,-7.35,110.04000000000002,105.31893258141545,117.39000000000001,4.721067418584568,0,1,0,1,0,1,1,0,1,0,1,0,0,1,1,0,1,0,0,1,0,1,0,1,0,1,0,1,1.3928220630324013,1.5500000000000007,6.594233094548596,10.003636363636364,11.739,1,1.0,1,1,1,3,3.0,3.0
4.0,11,7.333333333333332,10.261881375354934,15.039803878482006,107.5,109.06666666666663,96.2,101.73333333333336,Sun 2-21 2-21,H,232 (Ⅳ),Boston University,"W, 78-63",67,116.1,64.8,22.3,93.8,44.3,14.9,-12.0,-11.0,153.0,107.60400390625,107.7080078125,108.56504880127808,111.32732078707504,98.46318359375,100.7263671875,98.30316742592312,96.28751690859305,20210221,110.0,99.6,10.400000000000006,101.2,110.9,-9.700000000000003,110.0,101.6,8.33,71.8,-16.72528837001822,150.21788222553164,67.30611664295876,-18.920873122128953,154.07495911738158,-10.974064549876752,154.07495911738158,-18.920873122128953,154.07495911738158,-10.974064549876752,142.56612278769475,100.9,110.2,-9.28,65.9,110.0,99.6,10.400000000000006,101.2,110.9,-9.700000000000003,-17.985144297206734,146.89305632559362,0,106.28686708112106,92.02223344731001,14.264633633811044,16.13082547158201,98.8984750028816,104.10633739170164,-5.207862388820047,-11.4368373810341,2021-02-21,-17.442458286781076,139.47388633873584,-20.483525356714274,139.47388633873584,2.67,112.71000000000002,106.89262172094365,110.04000000000002,5.817378279056371,1,0,1,0,1,0,0,1,0,1,0,1,1,0,0,1,0,1,1,0,1,0,1,0,1,0,1,0,1.9318813753549335,-0.9966666666666679,1.3928220630324013,9.3925,10.003636363636364,1,1.0,1,1,1,3,3.0,3.0
-3.5,0,4.600000000000004,7.107920916903295,12.450748627848913,102.4,103.4333333333333,101.6,98.83333333333336,Sat 3-06 3-06,H,232 (Ⅳ),Boston University,"W, 77-69",70,110.7,49.1,8.6,99.2,43.7,11.5,-2.0,-11.5,148.0,105.002001953125,107.60400390625,106.51003253418541,109.70417155306141,100.031591796875,98.46318359375,99.40211161728209,97.25342292521248,20210306,103.8,104.5,-0.7000000000000028,101.3,102.9,-1.6000000000000083,109.2,100.2,9.05,73.2,-16.822971948313437,151.5205425586086,68.93086770981509,-4.874545767972933,150.14549431932514,-16.61738933097322,150.14549431932514,-4.874545767972933,150.14549431932514,-16.61738933097322,150.9918990973688,100.8,109.3,-8.54,66.2,103.8,104.5,-0.7000000000000028,101.3,102.9,-1.6000000000000083,-16.69810932012729,149.11522602552319,0,106.96941746905372,92.08292992909209,14.886487539961635,16.8974641958676,99.93485321428957,102.33358613556904,-2.3987329212794606,-8.574472569441543,2021-03-06,-16.294901773724682,142.5791388186972,-19.568410875562968,142.5791388186972,-9.05,103.66000000000003,108.83174781396245,112.71000000000002,-5.171747813962426,0,1,0,1,1,0,0,1,0,1,0,1,1,0,0,1,0,1,0,1,0,1,1,0,0,1,1,0,-1.942079083096706,-4.449999999999997,1.9318813753549335,7.973846153846153,9.3925,-1,1.0,-1,1,1,-1,3.0,3.0
18.5,27,13.333333333333336,14.038613944602195,15.259703422785476,130.3,113.39999999999998,102.4,100.0666666666667,Wed 3-10 3-10,H,257 (Ⅳ),Bucknell,"W, 105-75",75,139.3,59.6,13.3,99.5,50.8,13.3,23.5,-11.5,156.5,117.6510009765625,105.002001953125,114.44002168945694,113.44886763432295,101.2157958984375,100.031591796875,100.40140774485474,98.18916421153747,20210310,103.8,104.5,-0.7000000000000028,91.4,102.5,-11.099999999999996,109.5,99.8,9.74,72.9,-18.387830130992725,160.50325139302333,75.18136557610242,-12.700410175854913,155.32444166165942,-14.562079283658738,155.32444166165942,-12.700410175854913,155.32444166165942,-14.562079283658738,167.65251411288347,97.9,106.2,-8.36,72.5,103.8,104.5,-0.7000000000000028,91.4,102.5,-11.099999999999996,-21.39658404620357,157.75145667407884,0,106.43526499999999,92.03984885,14.395416149999988,16.24783412,99.24573188,100.18201529999999,-0.9362834199999952,-3.806250213,2021-03-10,-15.996630270900397,152.39775695461205,-17.312965228991573,152.39775695461205,17.259999999999998,120.92000000000002,107.10783187597498,103.66000000000003,13.812168124025035,1,0,1,0,1,0,0,1,1,0,0,1,1,0,0,1,1,0,1,0,1,0,0,1,1,0,0,1,4.298613944602195,3.5933333333333355,-1.942079083096706,8.637142857142857,7.973846153846153,1,-1.0,1,1,1,3,-1.0,3.0
