ATS,EMRating,EMRating3GameEMA,EMRating5GameExpMA,EMRating10GameExpMA,AdjO,AdjO3GameEMA,AdjD,AdjD3GameEMA,Date,HomeAway,Op Rank,Opponent,Result,Pace,PPP,EFG%,TO%,PPP1,EFG%1,TO%1,OverUnder,ATSVegas,OverUnderVegas,AdjO3ExpMA,AdjO3ExpMAS,AdjO5ExpMA,AdjO10ExpMA,AdjD3ExpMA,AdjD3ExpMAS,AdjD5ExpMA,AdjD10ExpMA,DateNew,AdjOECurrent,AdjDECurrent,AdjEMCurrent,AdjOECurrentOpp,AdjDECurrentOpp,AdjEMCurrentOpp,PomAdjOECurrent,PomAdjDECurrent,PomAdjEMCurrent,PomAdjTCurrent,PomSpread,PomTotal,PomTempo,TRankSpread,TRankTotal,B3GSpread,B3GTotal,TRankLast10Spread,TRankLast10Total,MC5Spread,MC5Total,PomAdjOECurrentOpp,PomAdjDECurrentOpp,PomAdjEMCurrentOpp,PomAdjTCurrentOpp,AdjOELast10,AdjDELast10,AdjEMLast10,AdjOEOppLast10,AdjDEOppLast10,AdjEMOppLast10,MC10Spread,MC10Total,MC10Edge,AdjOE_MG,AdjDE_MG,AdjEM_MG,Adj_Margin_EM_MG,AdjOE_MG_Opp,AdjDE_MG_Opp,AdjEM_MG_Opp,Adj_Margin_EM_MG_Opp,Dates,MG_Spread,MG_Total,MG_Rank_Score_Dif,MG_Rank_Total,GameDifRating,DifCumSum,DifCumSumEMA,DifCumSumShifted,DifOverplayingandEMA,PomSpreadWinATS,PomSpreadLossATS,PomTotalWinTotal,PomTotalLossTotal,TRankSpreadWinATS,TRankSpreadLossATS,TRankTotalWinTotal,TRankTotalLossTotal,B3GSpreadWinATS,B3GSpreadLossATS,B3GTotalWinTotal,B3GTotalLossTotal,TRankLast10SpreadWinATS,TRankLast10SpreadLossATS,TRankLast10TotalWinTotal,TRankLast10TotalLossTotal,MC5SpreadWinATS,MC5SpreadLossATS,MC5TotalWinTotal,MC5TotalLossTotal,MG_SpreadWinATS,MG_SpreadLossATS,MG_TotalWinTotal,MG_TotalLossTotal,MG_Rank_Score_DifWinATS,MG_Rank_Score_DifLossATS,MG_Rank_TotalWinTotal,MG_Rank_TotalLossTotal,PlayingOverRating,PlayingOverRating3,PlayingOverRatingShift,RollingMeanDiffEM,RollingMeanDiffEMShift,PlayingOverPomeroyTrue,PlayingOverPomeroyShiftTrue,PlayingOverDailyTrue,RollingMeanDiffEMTrue,RollingMeanDiffEMShiftTrue,SignalSum,SignalSumShift,SignalSumShiftAfterGame
-16.5,-19,,-19.0,-19.0,95.1,0.0,114.1,0.0,Tue 12-08 12-08,A,170 (Ⅲ),UMBC,"L, 76-61",67,91.4,42.6,13.5,113.9,60.2,19.5,-3.5,-1.5,140.5,95.1,0.0,95.1,95.1,114.1,0.0,114.1,114.1,20201208,98.4,105.9,-7.5,97.9,98.3,-0.3999999999999915,98.0,103.4,-5.37,70.9,4.568069647107222,143.07299794705568,72.6145092460882,9.326111599602527,148.9596254026829,20.775914757439494,148.9596254026829,9.326111599602527,148.9596254026829,20.775914757439494,151.8024835585009,96.1,100.6,-4.46,72.0,98.4,105.9,-7.5,97.9,98.3,-0.3999999999999915,20.72701647539087,151.9497436749178,0,0.0,0.0,0.0,0.0,105.21636368862507,96.50381635936772,8.712547329257347,9.39918951206164,2020-12-08,-0.0,0.0,,0.0,-13.629999999999999,-13.629999999999999,0.0,0.0,-13.629999999999999,1,0,0,1,1,0,0,1,1,0,0,1,1,0,0,1,1,0,0,1,1,0,1,0,0,1,1,0,-13.629999999999999,,0.0,-13.629999999999999,0.0,-1,0.0,-1,-1,1,-3,0.0,0.0
4.5,-1,,-13.23333333333333,-15.854545454545452,96.4,0.0,98.1,0.0,Fri 12-11 12-11,H,209 (Ⅳ),George Washington,"W, 68-65",67,100.8,49.2,22.2,96.3,52.9,28.2,-14.0,1.5,147.0,95.75,95.1,95.53333333333332,95.33636363636364,106.1,114.1,108.76666666666668,111.19090909090907,20201211,98.2,106.4,-8.200000000000003,97.0,103.8,-6.799999999999998,97.8,104.4,-6.58,69.9,-3.62077663376634,148.85846021144823,73.97667140825037,-3.3771884646058226,155.08620356284177,2.4419232759607445,155.08620356284177,-3.3771884646058226,155.08620356284177,2.4419232759607445,158.64661563720728,97.2,103.0,-5.8,74.4,98.2,106.4,-8.200000000000003,97.0,103.8,-6.799999999999998,2.5253777461666767,158.5773523294306,0,99.3652180337352,99.24492085569149,0.12029717804371387,8.263784623989933,101.68334546550592,102.30942205890317,-0.6260765933972436,1.2626912038693825,2020-12-11,-4.850929397910491,153.1902012372028,-7.349185849897694,153.1902012372028,5.58,-8.049999999999999,-13.629999999999999,-13.629999999999999,5.58,1,0,0,1,1,0,0,1,0,1,0,1,1,0,0,1,0,1,0,1,1,0,0,1,1,0,0,1,-6.653333333333331,,-13.629999999999999,-4.025,-13.629999999999999,-1,-1.0,1,-1,-1,-1,-3.0,0.0
-7.0,-6,-8.999999999999995,-10.92222222222222,-14.117355371900823,87.0,92.83333333333331,93.3,101.83333333333331,Sat 12-19 12-19,A,196 (Ⅲ),La Salle,"L, 71-61",72,84.7,48.0,23.6,98.6,50.9,19.4,-1.0,3.0,133.0,91.375,95.75,92.68888888888891,93.82066115702476,99.7,106.1,103.61111111111113,107.93801652892563,20201219,98.6,106.4,-7.800000000000012,96.3,96.0,0.2999999999999972,98.0,104.4,-6.4,68.4,6.772892946327929,131.87850338398187,67.32972972972975,9.194341683283675,136.15975153906166,7.9812520294287435,136.15975153906166,9.194341683283675,136.15975153906166,7.9812520294287435,127.19642058242405,96.4,98.0,-1.62,69.2,98.6,106.4,-7.800000000000012,96.3,96.0,0.2999999999999972,7.924987290606815,127.12007281086505,0,96.91288309246382,100.106313358337,-3.1934302658731895,4.06880815428414,89.54366471125894,95.31190341953031,-5.768238708271369,-6.428381138065559,2020-12-19,1.631523319050082,125.52998875224935,-5.204738464903322,125.52998875224935,0.40000000000000036,-7.649999999999999,-11.77,-8.049999999999999,4.120000000000001,1,0,1,0,1,0,0,1,1,0,0,1,1,0,0,1,1,0,1,0,0,1,1,0,0,1,1,0,-4.52222222222222,-2.5999999999999943,-6.653333333333331,-2.549999999999999,-4.025,-1,-1.0,1,-1,-1,-1,-1.0,-3.0
-12.5,-12,-6.86666666666666,-11.481481481481481,-13.841472577009766,84.2,89.2,96.8,96.06666666666668,Mon 12-21 12-21,H,220 (Ⅳ),Morgan St.,"L, 65-59",68,87.3,38.2,17.8,96.2,47.1,23.7,-20.0,-6.5,144.0,87.7875,91.375,89.85925925925928,92.07145003756573,98.25,99.7,101.34074074074076,105.9129226145755,20201221,98.5,106.0,-7.5,93.5,105.0,-11.5,97.9,104.6,-6.79,69.2,-8.688254512549747,139.07469483106425,70.18435277382646,-7.173060221959105,145.5865143750779,2.698457596831498,145.5865143750779,-7.173060221959105,145.5865143750779,2.698457596831498,135.78430064437077,91.8,105.1,-13.33,71.3,98.5,106.0,-7.5,93.5,105.0,-11.5,2.99070725885163,136.13382887218523,0,95.1938495891335,100.36328642225538,-5.169436833121878,2.3106642952439898,105.4921348389417,96.90941924741121,8.582715591530487,4.802926939750228,2020-12-21,5.802527215616763,142.05920366693658,-0.2858802627381749,142.05920366693658,-5.21,-12.86,-10.396666666666667,-7.649999999999999,-2.463333333333333,0,1,1,0,0,1,0,1,1,0,0,1,0,1,0,1,1,0,1,0,1,0,1,0,1,0,1,0,-4.691481481481481,-0.07666666666666,-4.52222222222222,-3.215,-2.549999999999999,-1,-1.0,-1,-1,-1,-3,-1.0,-1.0
2.0,2,-5.3666666666666645,-6.720987654320988,-10.815750290280716,102.7,91.3,99.9,96.66666666666669,Sat 1-02 1-02,H,218 (Ⅳ),College of Charleston,"W, 70-67",65,107.0,52.9,19.9,102.4,51.1,16.8,6.0,-1.0,131.0,95.24375,87.7875,94.1395061728395,94.00391366709923,99.075,98.25,100.86049382716051,104.81966395737994,20210102,98.5,106.7,-8.200000000000003,99.4,105.9,-6.5,97.5,105.3,-7.82,68.5,-2.032695193583251,129.9077761793846,63.530583214793744,-2.7006123151109023,137.1666478518685,-6.789811672879313,137.1666478518685,-2.7006123151109023,137.1666478518685,-6.789811672879313,125.30211050102706,98.8,104.1,-5.29,65.2,98.5,106.7,-8.200000000000003,99.4,105.9,-6.5,-5.717564290631274,123.70725543219068,0,91.44863784352778,100.72077615470981,-9.272138311182033,-3.69228322539127,94.692056006656,108.75969707567707,-14.067641069021064,-18.804836080886965,2021-01-02,-6.221059989569618,127.14002104195495,-11.17985358232933,127.14002104195495,9.82,-3.039999999999999,-11.217777777777778,-12.86,8.177777777777779,1,0,0,1,1,0,1,0,1,0,1,0,1,0,1,0,1,0,0,1,1,0,0,1,1,0,0,1,1.0990123456790126,2.453333333333336,-4.691481481481481,-0.6079999999999997,-3.215,1,-1.0,1,-1,-1,1,-3.0,-1.0
-4.0,-21,-10.366666666666664,-11.580658436213989,-12.721977510229676,87.0,91.3,108.3,101.66666666666669,Sun 1-03 1-03,H,218 (Ⅳ),College of Charleston,"L, 66-59",62,94.9,50.0,22.5,106.1,53.8,11.3,-7.0,3.0,132.0,91.121875,95.24375,91.75967078189302,92.73047481853571,103.6875,99.075,103.34032921810702,105.45245232876543,20210103,98.4,106.6,-8.199999999999989,99.3,105.9,-6.6000000000000085,97.5,105.3,-7.82,68.5,-2.0960671779122606,129.97114816371362,63.530583214793744,-2.760200428288016,136.96506252024776,-6.092572037772383,136.96506252024776,-2.760200428288016,136.96506252024776,-6.092572037772383,128.18309901947606,98.8,104.2,-5.41,65.2,98.4,106.6,-8.199999999999989,99.3,105.9,-6.6000000000000085,-7.496367252861985,126.31459289649928,0,91.32916615794393,102.12078125744048,-10.791615099496553,-5.257624197867945,95.7427212034285,108.71587952431531,-12.97315832088681,-16.807324037497356,2021-01-03,-4.586579483284886,128.54661512310102,-8.92019613348932,128.54661512310102,-13.18,-16.22,-8.491851851851854,-3.039999999999999,-7.728148148148145,0,1,1,0,0,1,0,1,0,1,0,1,0,1,0,1,0,1,1,0,0,1,1,0,0,1,1,0,-3.7606584362139888,-2.5466666666666633,1.0990123456790126,-2.703333333333333,-0.6079999999999997,-1,1.0,-1,-1,-1,-3,1.0,-3.0
-3.5,-10,-9.633333333333336,-11.187105624142664,-12.299799781097008,91.6,93.76666666666668,102.0,103.4,Sat 1-09 1-09,A,282 (Ⅳ),William & Mary,"L, 67-62",68,91.4,45.9,16.2,98.7,43.4,20.6,-7.0,1.5,136.0,91.3609375,91.121875,91.7064471879287,92.52493394243831,102.84375,103.6875,102.89355281207136,104.8247337235353,20210109,98.3,106.6,-8.299999999999997,96.0,107.7,-11.700000000000005,97.6,106.0,-8.42,68.0,2.697648452931645,136.76302656167067,65.67852062588905,1.5461345330724043,140.16994799870022,-1.3207242121831257,140.16994799870022,1.5461345330724043,140.16994799870022,-1.3207242121831257,114.8284421310346,97.9,108.1,-10.25,67.9,98.3,106.6,-8.299999999999997,96.0,107.7,-11.700000000000005,1.666985936704154,125.55671868003951,0,91.37682659,102.1943512,-10.817524610000007,-6.012195158,93.43593296,99.10250979999999,-5.6665768399999905,-10.52458662,2021-01-09,6.828248513958151,125.40221431970366,-1.276728970398537,125.40221431970366,-1.58,-17.799999999999997,-11.067901234567902,-16.22,-6.732098765432095,1,0,0,1,1,0,0,1,0,1,0,1,1,0,0,1,0,1,1,0,1,0,1,0,0,1,1,0,-2.7671056241426637,-1.2133333333333365,-3.7606584362139888,-2.542857142857142,-2.703333333333333,-1,-1.0,-1,-1,-1,-3,-3.0,1.0
24.0,15,-5.566666666666667,-2.4580704160951097,-7.3361998208975505,98.0,92.2,83.0,97.76666666666664,Fri 1-15 1-15,H,157 (Ⅲ),Hofstra,"W, 74-56",69,107.7,50.8,20.4,81.5,40.6,21.8,-7.5,6.0,137.5,94.68046875,91.3609375,93.8042981252858,93.5204004983586,92.921875,102.84375,96.26236854138092,100.85660031925616,20210115,97.5,105.9,-8.400000000000006,102.0,101.4,0.5999999999999943,96.9,105.7,-8.77,67.1,2.512014957551898,136.60807835752172,66.24096728307255,2.2828946075075294,140.33009028843256,4.53297052373044,140.33009028843256,2.2828946075075294,140.33009028843256,4.53297052373044,128.55004917285248,102.7,102.1,0.56,69.4,97.5,105.9,-8.400000000000006,102.0,101.4,0.5999999999999943,4.128874309025448,131.02355294050247,0,91.05318170681255,101.811293634689,-10.758111927876442,-6.848046884394077,96.79750225393109,101.16761431032192,-4.3701120563908376,-7.410275087632109,2021-01-15,0.7449057228886176,129.36879957536286,-2.0949445785926812,129.36879957536286,23.77,5.970000000000002,-13.311934156378602,-17.799999999999997,19.281934156378604,1,0,1,0,1,0,0,1,1,0,0,1,1,0,0,1,1,0,1,0,1,0,1,0,1,0,1,0,6.31192958390489,3.2033333333333323,-2.7671056241426637,0.7462499999999999,-2.542857142857142,1,-1.0,1,1,-1,3,-3.0,-3.0
2.0,-16,-3.8000000000000016,-6.972046944063406,-8.911436217097998,90.4,93.33333333333331,106.4,97.13333333333333,Sun 1-17 1-17,H,157 (Ⅲ),Hofstra,"L, 68-67",66,102.0,55.0,30.5,103.5,42.8,13.7,-4.0,3.0,139.0,92.540234375,94.68046875,92.66953208352389,92.9530549532025,99.6609375,92.921875,99.64157902758728,101.8644911703005,20210117,97.2,104.1,-6.899999999999992,100.5,101.6,-1.0999999999999943,97.3,104.3,-7.01,67.2,-0.016555660018156004,135.9538995328655,66.43527738264581,0.1170753946096994,138.40359570627226,-3.582313770048333,138.40359570627226,0.1170753946096994,138.40359570627226,-3.582313770048333,124.5861994996442,101.4,102.8,-1.33,69.5,97.2,104.1,-6.899999999999992,100.5,101.6,-1.0999999999999943,0.737516380898161,131.53498329730024,0,91.59250960486438,99.96512023596262,-8.37261063109824,-1.8546561035533542,95.3640788023196,102.19777763416964,-6.833698831850043,-8.047286029385043,2021-01-17,-2.4272884359096167,128.64814012360407,-5.8821812771090976,128.64814012360407,-8.99,-3.019999999999998,-6.884622770919069,5.970000000000002,3.8646227709190715,1,0,1,0,1,0,1,0,1,0,1,0,1,0,1,0,1,0,1,0,1,0,1,0,1,0,1,0,0.03795305593659393,3.209999999999998,6.31192958390489,-0.3355555555555547,0.7462499999999999,1,1.0,1,-1,1,1,3.0,-3.0
-2.5,-10,-3.8333333333333335,-8.148031296042271,-9.200265995807454,96.8,95.06666666666668,107.3,98.89999999999998,Sat 1-23 1-23,A,256 (Ⅳ),UNC Wilmington,"L, 77-70",70,100.6,50.0,24.4,110.7,55.0,7.2,6.5,4.5,140.5,94.6701171875,92.540234375,94.04635472234926,93.65249950716569,103.48046875,99.6609375,102.19438601839151,102.85276550297311,20210123,97.0,104.8,-7.799999999999998,101.9,103.6,-1.6999999999999886,97.2,104.4,-7.24,66.7,6.670222852776064,137.0639327741564,66.22560455192034,8.217189733422586,140.8639496326984,7.9043727777468815,140.8639496326984,8.217189733422586,140.8639496326984,7.9043727777468815,129.72814696104592,101.6,104.7,-3.13,69.8,97.0,104.8,-7.799999999999998,101.9,103.6,-1.6999999999999886,7.090109976991712,130.41409839771845,0,92.37335546261471,96.14429840297306,-3.7709429403583528,2.2825831925085494,105.2730035361425,97.90654177158248,7.366461764560015,8.25812360102976,2021-01-23,10.95875908327941,130.33656344349387,5.909383743414153,130.33656344349387,-2.76,-5.779999999999998,-5.596415180612713,-3.019999999999998,-0.18358481938728488,1,0,0,1,1,0,1,0,1,0,1,0,1,0,1,0,1,0,0,1,1,0,0,1,1,0,0,1,-0.908031296042271,3.4066666666666667,0.03795305593659393,-0.5780000000000003,-0.3355555555555547,-1,1.0,-1,-1,-1,-3,1.0,3.0
8.0,-3,-10.133333333333336,-6.732020864028182,-8.236581269297007,92.3,93.16666666666669,96.2,103.29999999999997,Sun 1-24 1-24,A,256 (Ⅳ),UNC Wilmington,"W, 67-62",66,101.4,57.5,27.2,93.8,37.1,12.1,-12.0,3.0,141.0,93.48505859375,94.6701171875,93.4642364815662,93.40659050586281,99.840234375,103.48046875,100.19625734559436,101.64317177515984,20210124,97.0,104.9,-7.900000000000006,101.9,103.6,-1.6999999999999886,97.3,104.6,-7.26,66.7,6.749360892958407,137.40188916467264,66.22560455192034,8.288316231211752,140.93507613048757,9.446443876748235,140.93507613048757,8.288316231211752,140.93507613048757,9.446443876748235,129.1582965558918,101.7,104.8,-3.12,69.8,97.0,104.9,-7.900000000000006,101.9,103.6,-1.6999999999999886,8.680791456886336,130.91195359066373,0,93.94702076241332,93.60694247559564,0.34007828681767194,3.5427909746379536,105.16844516083711,97.56202107272324,7.606424088113869,8.04565259481032,2021-01-24,8.222732119029892,129.20701575157577,4.943807492917671,129.20701575157577,4.26,-1.5199999999999978,-5.657610120408474,-5.779999999999998,4.1376101204084765,0,1,1,0,0,1,1,0,0,1,1,0,0,1,1,0,0,1,1,0,0,1,1,0,0,1,1,0,0.527979135971818,-2.8733333333333366,-0.908031296042271,-0.13818181818181774,-0.5780000000000003,1,-1.0,1,-1,-1,1,-3.0,1.0
16.0,27,4.299999999999997,4.611986090647877,-1.77538467487937,98.6,95.90000000000002,71.3,91.59999999999998,Sat 1-30 1-30,H,201 (Ⅳ),Elon,"W, 66-43",66,100.4,59.0,27.4,65.4,33.1,18.3,-24.0,-7.0,133.0,96.042529296875,93.48505859375,95.17615765437746,94.35084677752413,85.57011718749997,99.840234375,90.56417156372959,96.12623145240349,20210130,96.9,103.6,-6.699999999999988,99.2,107.0,-7.799999999999998,97.6,104.2,-6.66,66.8,-3.1725408877702534,131.1225058304185,64.0443812233286,-4.398159071587372,135.71640315269795,-5.5906408212674465,135.71640315269795,-4.398159071587372,135.71640315269795,-5.5906408212674465,121.477666249522,99.1,105.0,-5.91,67.4,96.9,103.6,-6.699999999999988,99.2,107.0,-7.799999999999998,-4.813617946330862,120.73576763004604,0,91.3554456652358,95.06521749314828,-3.7097718279124763,-2.1432741062440472,92.8483347167362,106.40446921785956,-13.556134501123353,-9.382168882873694,2021-01-30,-9.288793847478843,122.07329015812743,-6.326008460314725,122.07329015812743,33.66,32.14,-4.278406746938982,-1.5199999999999978,36.418406746938984,0,1,1,0,0,1,0,1,0,1,0,1,0,1,0,1,0,1,1,0,1,0,1,0,0,1,1,0,11.271986090647877,10.959999999999997,0.527979135971818,2.6783333333333337,-0.13818181818181774,1,1.0,1,1,-1,3,1.0,-3.0
-1.5,7,10.333333333333334,5.607990727098587,-0.0707692794467556,117.7,102.86666666666667,110.1,92.53333333333332,Sun 1-31 1-31,H,201 (Ⅳ),Elon,"W, 75-70",65,114.6,55.2,18.3,107.0,54.5,16.8,12.0,-6.5,133.0,106.8712646484375,96.042529296875,102.68410510291832,98.5961473634288,97.83505859375,85.57011718749997,97.07611437581973,98.66691664287558,20210131,96.8,103.6,-6.799999999999998,99.1,106.9,-7.800000000000012,97.4,104.0,-6.66,66.8,-3.158349277913352,130.73386471817187,64.0443812233286,-4.326642641184819,135.51250946011686,-12.37917197379234,135.51250946011686,-4.326642641184819,135.51250946011686,-12.37917197379234,113.64018053386224,99.0,104.9,-5.91,67.4,96.8,103.6,-6.799999999999998,99.1,106.9,-7.800000000000012,-8.843951429494034,116.73575901155104,0,91.54229580205241,94.81025815235779,-3.267962350305382,-1.4771348638285184,98.04956170943841,107.35504202061044,-9.305480311172033,-6.3867039763649975,2021-01-31,-7.01180111111173,125.79489286019725,-4.867036976150416,125.79489286019725,13.66,45.8,7.8610621687073445,32.14,37.938937831292655,1,0,0,1,1,0,1,0,0,1,1,0,1,0,1,0,0,1,0,1,0,1,0,1,1,0,0,1,12.267990727098587,16.993333333333332,11.271986090647877,3.5230769230769226,2.6783333333333337,1,1.0,1,1,1,3,3.0,1.0
-4.5,-6,9.6,1.7053271513990556,-1.1669930468200744,103.8,106.7,109.9,97.1,Sun 3-07 3-07,N,157 (Ⅲ),Hofstra,"L, 83-75",71,106.0,42.5,11.3,117.3,55.0,11.3,18.5,3.5,139.5,105.33563232421876,106.8712646484375,103.0560700686122,99.54230238825993,103.867529296875,97.83505859375,101.35074291721315,100.70929543508,20210307,101.0,108.4,-7.400000000000006,101.9,106.7,-4.799999999999997,97.6,102.0,-4.38,66.9,2.97901600390648,138.07409675378443,65.18705547652917,1.8000782644388238,145.89057393685914,0.6154614373248972,145.89057393685914,1.8000782644388238,145.89057393685914,0.6154614373248972,146.44415526807455,106.6,106.7,-0.11,68.5,101.0,108.4,-7.400000000000006,101.9,106.7,-4.799999999999997,1.235150427083716,137.15267997536085,0,95.22246947,96.77083317,-1.5483637000000101,0.8126078940000001,95.49285303,101.4212836,-5.928430569999989,-6.782839383,2021-03-07,-2.7855026625427897,126.34180173954749,-4.95124843014851,126.34180173954749,-1.62,44.18,20.507374779138228,45.8,23.67262522086177,0,1,0,1,0,1,1,0,0,1,1,0,0,1,1,0,0,1,1,0,0,1,0,1,0,1,0,1,6.0853271513990554,13.98,12.267990727098587,3.1557142857142857,3.5230769230769226,1,1.0,1,1,1,3,3.0,3.0
