ATS,EMRating,EMRating3GameEMA,EMRating5GameExpMA,EMRating10GameExpMA,AdjO,AdjO3GameEMA,AdjD,AdjD3GameEMA,Date,HomeAway,Op Rank,Opponent,Result,Pace,PPP,EFG%,TO%,PPP1,EFG%1,TO%1,OverUnder,ATSVegas,OverUnderVegas,AdjO3ExpMA,AdjO3ExpMAS,AdjO5ExpMA,AdjO10ExpMA,AdjD3ExpMA,AdjD3ExpMAS,AdjD5ExpMA,AdjD10ExpMA,DateNew,AdjOECurrent,AdjDECurrent,AdjEMCurrent,AdjOECurrentOpp,AdjDECurrentOpp,AdjEMCurrentOpp,PomAdjOECurrent,PomAdjDECurrent,PomAdjEMCurrent,PomAdjTCurrent,PomSpread,PomTotal,PomTempo,TRankSpread,TRankTotal,B3GSpread,B3GTotal,TRankLast10Spread,TRankLast10Total,MC5Spread,MC5Total,PomAdjOECurrentOpp,PomAdjDECurrentOpp,PomAdjEMCurrentOpp,PomAdjTCurrentOpp,AdjOELast10,AdjDELast10,AdjEMLast10,AdjOEOppLast10,AdjDEOppLast10,AdjEMOppLast10,MC10Spread,MC10Total,MC10Edge,AdjOE_MG,AdjDE_MG,AdjEM_MG,Adj_Margin_EM_MG,AdjOE_MG_Opp,AdjDE_MG_Opp,AdjEM_MG_Opp,Adj_Margin_EM_MG_Opp,Dates,MG_Spread,MG_Total,MG_Rank_Score_Dif,MG_Rank_Total,GameDifRating,DifCumSum,DifCumSumEMA,DifCumSumShifted,DifOverplayingandEMA,PomSpreadWinATS,PomSpreadLossATS,PomTotalWinTotal,PomTotalLossTotal,TRankSpreadWinATS,TRankSpreadLossATS,TRankTotalWinTotal,TRankTotalLossTotal,B3GSpreadWinATS,B3GSpreadLossATS,B3GTotalWinTotal,B3GTotalLossTotal,TRankLast10SpreadWinATS,TRankLast10SpreadLossATS,TRankLast10TotalWinTotal,TRankLast10TotalLossTotal,MC5SpreadWinATS,MC5SpreadLossATS,MC5TotalWinTotal,MC5TotalLossTotal,MG_SpreadWinATS,MG_SpreadLossATS,MG_TotalWinTotal,MG_TotalLossTotal,MG_Rank_Score_DifWinATS,MG_Rank_Score_DifLossATS,MG_Rank_TotalWinTotal,MG_Rank_TotalLossTotal,PlayingOverRating,PlayingOverRating3,PlayingOverRatingShift,RollingMeanDiffEM,RollingMeanDiffEMShift,PlayingOverPomeroyTrue,PlayingOverPomeroyShiftTrue,PlayingOverDailyTrue,RollingMeanDiffEMTrue,RollingMeanDiffEMShiftTrue,SignalSum,SignalSumShift,SignalSumShiftAfterGame
6.5,-9,,-9.299999999999997,-9.299999999999997,101.9,0.0,111.2,0.0,Wed 11-25 11-25,A,65 (I),Michigan St.,"L, 83-67",72,93.6,43.8,12.6,115.9,65.5,25.1,14.0,22.5,136.0,101.9,0.0,101.9,101.9,111.2,0.0,111.2,111.2,20201125,99.9,98.1,1.8000000000000114,113.2,92.3,20.900000000000006,96.6,96.3,0.25,70.8,18.785997365442782,138.8883067466008,72.61280227596015,18.21620425057465,151.32241016148794,20.327642918418963,151.32241016148794,18.21620425057465,151.32241016148794,20.327642918418963,159.76017110811807,110.2,88.5,21.76,72.1,99.9,98.1,1.8000000000000114,113.2,92.3,20.900000000000006,20.327642918418963,159.76017110811807,0,102.0953097,103.75279429999999,-1.6574845999999894,-1.836790285,103.75279429999999,102.0953097,1.6574845999999894,1.478179045,2020-11-25,6.938052079346448,157.40554917413363,4.436605021439547,157.40554917413363,-9.25,-9.25,0.0,0.0,-9.25,1,0,1,0,1,0,1,0,1,0,1,0,1,0,1,0,1,0,1,0,1,0,1,0,1,0,1,0,-9.549999999999997,,0.0,-9.25,0.0,-1,0.0,-1,-1,1,-3,0.0,0.0
-14.5,-10,,-9.6,-9.46363636363636,105.5,0.0,115.7,0.0,Fri 12-04 12-04,H,67 (Ⅱ),Toledo,"L, 91-74",71,105.0,49.2,19.9,129.1,59.8,14.2,28.0,2.5,137.0,103.7,101.9,103.10000000000002,102.55454545454546,113.45,111.2,112.7,112.01818181818184,20201204,97.3,95.3,2.0,101.1,97.9,3.1999999999999886,98.1,97.6,0.42,70.6,-0.5796568203773234,138.1586033993289,70.59999999999998,-3.086855233518804,138.4182135127164,11.255878240556243,138.4182135127164,-3.086855233518804,138.4182135127164,11.255878240556243,145.16231557137203,103.2,97.9,5.23,70.3,97.3,95.3,2.0,101.1,97.9,3.1999999999999886,11.370779916410065,145.33336073875833,0,99.85857171353086,105.0201625709802,-5.16159085744934,-7.7187288420734355,101.67793324039808,96.28097874556141,5.396954494836663,-0.598120079578963,2020-12-04,3.5813439762276005,146.4057120044406,3.132553521062704,146.4057120044406,-10.42,-19.67,-9.25,-9.25,-10.420000000000002,0,1,1,0,0,1,1,0,1,0,1,0,0,1,1,0,1,0,1,0,1,0,1,0,1,0,1,0,-10.02,,-9.549999999999997,-9.835,-9.25,-1,-1.0,-1,-1,-1,-3,-3.0,0.0
-31.5,-36,-18.633333333333336,-18.53333333333333,-14.361157024793384,84.0,97.13333333333333,120.4,115.76666666666668,Tue 12-29 12-29,H,271 (Ⅳ),Central Michigan,"L, 87-60",71,84.8,46.4,24.0,122.9,66.4,18.4,1.5,-4.5,145.5,93.85,103.7,96.73333333333336,99.1809917355372,116.925,113.45,115.26666666666668,113.54214876033058,20201229,100.0,99.5,0.5,98.7,108.6,-9.899999999999991,99.8,100.9,-1.13,69.2,-8.489385731081029,148.0126300168663,71.7593172119488,-11.879374080049999,152.02349541881927,-10.167233313044202,152.02349541881927,-11.879374080049999,152.02349541881927,-10.167233313044202,164.6771576108604,99.6,106.8,-7.27,72.9,100.0,99.5,0.5,98.7,108.6,-9.899999999999991,-10.32952254021919,164.6061630028617,0,99.20347148484434,111.46642290108629,-12.262951416241947,-18.33534261205145,101.4663402429248,101.95524606092413,-0.4889058179993242,7.367878927208575,2020-12-29,4.37511424301394,157.0238383879506,16.54537787489295,157.0238383879506,-34.87,-54.54,-12.723333333333333,-19.67,-41.81666666666666,0,1,1,0,0,1,1,0,0,1,1,0,0,1,1,0,0,1,1,0,1,0,1,0,1,0,1,0,-17.403333333333332,-17.503333333333337,-10.02,-18.18,-9.835,-1,-1.0,-1,-1,-1,-3,-3.0,-3.0
17.5,21,-8.533333333333337,-5.355555555555559,-7.931855747558224,106.8,98.76666666666664,85.8,107.3,Sat 1-09 1-09,H,121 (Ⅲ),Akron,"W, 71-59",66,107.5,52.7,12.1,89.3,49.0,25.7,-13.0,5.5,143.0,100.325,93.85,100.08888888888893,100.56626596543951,101.3625,116.925,105.44444444444444,108.49812171299773,20210109,99.7,102.0,-2.299999999999997,101.1,100.7,0.3999999999999915,99.0,103.3,-4.28,68.5,1.671837315116818,141.5228011179618,68.69487908961594,-2.091951705939252,143.13674126122208,16.9982945076943,143.13674126122208,-2.091951705939252,143.13674126122208,16.9982945076943,148.0208563893505,104.3,100.5,3.84,70.5,99.7,102.0,-2.299999999999997,101.1,100.7,0.3999999999999915,16.89537875655509,148.01045185046772,0,96.58421626,107.7983358,-11.214119539999999,-20.46624266,100.7181901,95.98972371,4.728466389999994,13.797283800000002,2021-01-09,7.19524922603091,141.30448930531918,21.6779687241821,141.30448930531918,25.28,-29.259999999999998,-26.662222222222223,-54.54,-2.5977777777777753,1,0,1,0,1,0,0,1,0,1,0,1,1,0,0,1,0,1,0,1,0,1,1,0,0,1,1,0,-1.0755555555555585,-4.2533333333333365,-17.403333333333332,-7.3149999999999995,-18.18,-1,-1.0,-1,-1,-1,-3,-3.0,-3.0
-24.0,-16,-10.533333333333337,-8.970370370370372,-9.43515470254764,106.2,99.0,122.4,109.53333333333336,Tue 1-12 1-12,A,67 (I),Toledo,"L, 96-63",65,96.2,45.7,15.3,146.6,67.4,15.3,16.0,9.0,143.0,103.2625,100.325,102.12592592592594,101.59058124445049,111.88125,101.3625,111.09629629629632,111.02573594699814,20210112,100.2,101.4,-1.2000000000000028,110.7,99.4,11.299999999999995,99.5,102.4,-2.94,67.7,12.650777840944002,139.58080337031038,65.87027027027028,12.551097400143917,143.33414348195424,20.005025732578982,143.33414348195424,12.551097400143917,143.33414348195424,20.005025732578982,143.63476103764896,110.3,100.1,10.23,68.4,100.2,101.4,-1.2000000000000028,110.7,99.4,11.299999999999995,18.200878148657033,145.28118133730203,0,96.6406861293513,107.87732361717171,-11.236637487820417,-20.547330969066998,104.28428734552546,97.66731398264872,6.616973362876735,5.556997416954183,2021-01-12,16.146424262295334,140.08502570751432,18.901120802525924,140.08502570751432,-13.06,-42.32,-27.528148148148148,-29.259999999999998,-14.791851851851852,1,0,0,1,1,0,1,0,1,0,1,0,1,0,1,0,1,0,1,0,1,0,0,1,1,0,0,1,-6.030370370370372,-7.593333333333337,-1.0755555555555585,-8.464,-7.3149999999999995,-1,-1.0,-1,-1,-1,-3,-3.0,-3.0
-9.0,-20,-5.166666666666667,-12.746913580246913,-11.410581120266249,80.8,97.93333333333332,101.1,103.10000000000002,Sat 1-16 1-16,A,271 (Ⅳ),Central Michigan,"L, 75-64",75,85.5,38.6,25.4,100.3,53.2,17.4,-9.5,2.0,148.5,92.03125,103.2625,95.0172839506173,97.81047556364132,106.490625,111.88125,107.7641975308642,109.22105668390756,20210116,100.9,103.2,-2.299999999999997,100.0,109.7,-9.700000000000003,99.6,104.0,-4.45,67.4,1.9581061598724432,147.5527394119664,69.7009957325747,-1.070109259369758,152.47668174198546,1.4762540090614067,152.47668174198546,-1.070109259369758,152.47668174198546,1.4762540090614067,153.79633920399445,100.8,108.4,-7.52,72.7,100.9,103.2,-2.299999999999997,100.0,109.7,-9.700000000000003,1.6861729496572657,154.8820103949177,0,96.19170061474921,111.86410118250521,-15.672400567756,-19.403348589022745,99.42807515800556,102.80450306787243,-3.3764279098668766,-1.711582774766384,2021-01-16,12.999301104353691,150.17989910252632,14.076922372000674,150.17989910252632,-15.55,-57.870000000000005,-32.458765432098765,-42.32,-25.41123456790124,0,1,1,0,0,1,0,1,0,1,0,1,0,1,0,1,0,1,0,1,1,0,0,1,1,0,0,1,-8.296913580246912,-0.7166666666666668,-6.030370370370372,-9.645,-8.464,-1,-1.0,-1,-1,-1,-3,-3.0,-3.0
-5.0,-6,-14.433333333333332,-10.764609053497944,-10.572293643854204,108.4,98.46666666666664,115.2,112.90000000000002,Thu 1-21 1-21,A,72 (Ⅱ),Buffalo,"L, 92-77",76,101.6,47.7,21.1,121.4,69.1,22.4,18.0,10.0,151.0,100.215625,92.03125,99.47818930041154,99.73584364297926,110.8453125,106.490625,110.24279835390949,110.30813728683344,20210121,99.7,103.2,-3.5,104.9,99.5,5.400000000000006,98.5,103.9,-5.35,67.8,12.389193239095576,150.8316294712135,72.42930298719772,11.00954342344501,153.8594480599143,17.46457871874088,153.8594480599143,11.00954342344501,153.8594480599143,17.46457871874088,154.32582994078584,106.0,100.3,5.77,75.1,99.7,103.2,-3.5,104.9,99.5,5.400000000000006,18.102116143081986,152.38139930293718,0,93.14132130259262,109.42113254277254,-16.279811240179924,-18.521037174908127,96.0040396305672,99.09325029640024,-3.0892106658330363,-3.5397417789804315,2021-01-21,13.538073558642822,146.44517418198302,12.655169759347245,146.44517418198302,-0.6500000000000004,-58.52,-40.92917695473251,-57.870000000000005,-17.59082304526749,1,0,0,1,1,0,1,0,1,0,1,0,1,0,1,0,1,0,1,0,1,0,0,1,1,0,0,1,-5.414609053497944,-9.083333333333332,-8.296913580246912,-8.360000000000001,-9.645,-1,-1.0,-1,-1,-1,-3,-3.0,-3.0
-20.5,-31,-19.366666666666664,-17.50973936899863,-14.28642207224435,82.9,90.7,113.9,110.06666666666668,Sat 1-23 1-23,H,138 (Ⅳ),Miami OH,"L, 85-63",73,86.4,37.3,16.4,116.5,58.2,17.8,11.0,1.5,137.0,91.5578125,100.215625,93.95212620027435,96.67478116243757,112.37265625,110.8453125,111.461865569273,110.96120323468192,20210123,99.8,104.5,-4.700000000000003,104.6,104.8,-0.20000000000000284,98.6,104.6,-6.01,68.1,-0.8248478677047331,133.94592595626793,63.740825035561876,-0.8318031210529568,139.85935931537344,8.019540800172843,139.85935931537344,-0.8318031210529568,139.85935931537344,8.019540800172843,143.33420835661002,103.2,104.8,-1.65,65.8,99.8,104.5,-4.700000000000003,104.6,104.8,-0.20000000000000284,3.1730321882829013,136.93660533440647,0,94.04374279309566,105.12098591485085,-11.077243121755188,-11.743449831939873,94.27712508070411,107.05193771044081,-12.7748126297367,-10.897951488317142,2021-01-23,-4.686747017149031,130.7384361792181,-1.0437700570925799,130.7384361792181,-24.990000000000002,-83.51,-46.79278463648835,-58.52,-36.717215363511656,0,1,0,1,0,1,1,0,1,0,1,0,0,1,1,0,1,0,1,0,0,1,0,1,0,1,0,1,-11.49973936899863,-13.356666666666664,-5.414609053497944,-10.43875,-8.360000000000001,-1,-1.0,-1,-1,-1,-3,-3.0,-3.0
-10.5,-18,-18.733333333333334,-17.806492912665753,-15.034345331836285,85.6,92.29999999999997,104.0,111.03333333333336,Tue 1-26 1-26,A,121 (Ⅱ),Akron,"L, 86-65",78,83.7,44.2,18.0,110.8,55.1,14.2,7.5,10.5,143.5,88.57890625,91.5578125,91.16808413351623,94.66118458744891,108.186328125,112.37265625,108.97457704618202,109.69552991928518,20210126,98.5,105.2,-6.700000000000002,103.3,101.6,1.7000000000000028,97.6,105.5,-7.86,69.1,12.40036280256524,141.62060799988976,67.8221906116643,10.033704136969433,145.22264716833212,14.89399245095924,145.22264716833212,10.033704136969433,145.22264716833212,14.89399245095924,144.78960318211298,105.2,100.9,4.27,69.0,98.5,105.2,-6.700000000000002,103.3,101.6,1.7000000000000028,15.454653927244916,144.64278943202413,0,96.36085795105566,105.90411697122332,-9.543259020167653,-11.23220678851645,101.99255054645508,98.61493921408884,3.377611332366243,10.840614698573987,2021-01-26,12.974969816621098,141.34232802779414,16.865574190802214,141.34232802779414,-10.14,-93.65,-59.03185642432557,-83.51,-34.61814357567444,1,0,0,1,0,1,1,0,1,0,1,0,0,1,1,0,1,0,1,0,1,0,0,1,1,0,0,1,-9.946492912665754,-10.873333333333335,-11.49973936899863,-10.405555555555557,-10.43875,-1,-1.0,-1,-1,-1,-3,-3.0,-3.0
1.5,-6,-18.500000000000004,-13.904328608443839,-13.409918907866054,89.6,86.0333333333333,95.7,104.53333333333336,Sat 2-20 2-20,A,115 (Ⅱ),Kent St.,"L, 64-51",61,82.9,39.8,13.0,104.1,52.8,22.8,-31.5,14.5,146.5,89.089453125,88.57890625,90.64538942234415,93.74096920791273,101.9431640625,108.186328125,104.54971803078804,107.15088811577878,20210220,98.0,109.0,-11.0,108.1,101.0,7.099999999999994,98.1,106.2,-8.09,69.1,16.331153993279315,148.4419875243391,69.88634423897581,17.82734586253916,155.48856504115213,17.69245480524927,155.48856504115213,17.82734586253916,155.48856504115213,17.69245480524927,143.02975018920907,108.5,99.6,8.92,71.1,98.0,109.0,-11.0,108.1,101.0,7.099999999999994,19.02317692148808,149.70503287178232,0,98.98583151,100.11486219999999,-1.1290306899999933,-3.056572625,106.60293929999999,93.96611718,12.63682211999999,9.907137135,2021-02-20,13.81048239194348,143.17300599581844,11.083706995047422,143.17300599581844,2.09,-91.56,-70.57123761621705,-93.65,-20.988762383782955,0,1,0,1,0,1,0,1,0,1,0,1,0,1,0,1,0,1,1,0,1,0,1,0,1,0,1,0,-5.814328608443839,-10.410000000000004,-9.946492912665754,-9.155999999999999,-10.405555555555557,-1,-1.0,-1,-1,-1,-3,-3.0,-3.0
-6.0,-9,-11.200000000000005,-12.30288573896256,-12.626297288254044,99.7,91.63333333333328,108.8,102.83333333333331,Tue 2-23 2-23,H,136 (Ⅲ),Bowling Green,"L, 82-69",71,97.1,51.8,19.7,115.5,58.5,16.9,4.5,7.0,146.5,94.3947265625,89.089453125,93.66359294822945,94.8244293519286,105.37158203125,101.9431640625,105.96647868719202,107.45072664018265,20210223,97.4,107.8,-10.399999999999991,105.8,104.4,1.3999999999999917,97.6,105.9,-8.31,67.9,5.077398951099312,144.81745729713208,67.80341394025605,4.395572993460888,149.63213605337478,7.751143070429028,149.63213605337478,4.395572993460888,149.63213605337478,7.751143070429028,133.75777815529494,107.9,103.2,4.63,70.2,97.4,107.8,-10.399999999999991,105.8,104.4,1.3999999999999917,3.611804570049171,142.51710272383994,0,98.98583151,100.11486219999999,-1.1290306899999933,-3.056572625,98.30832581,99.83412271,-1.5257969000000031,-6.786936099,2021-02-23,-4.11407481633087,137.03191675494423,-4.3343700885501875,137.03191675494423,-0.6899999999999995,-92.25,-77.5674917441447,-91.56,-14.682508255855296,0,1,0,1,0,1,1,0,1,0,1,0,0,1,1,0,1,0,0,1,0,1,0,1,0,1,0,1,-3.99288573896256,-2.890000000000004,-5.814328608443839,-8.386363636363637,-9.155999999999999,-1,-1.0,-1,-1,-1,-3,-3.0,-3.0
-5.0,-13,-9.433333333333332,-12.568590492641706,-12.712425054026033,99.9,96.39999999999992,113.0,105.83333333333331,Thu 2-25 2-25,A,101 (Ⅱ),Ohio,"L, 86-67",69,97.5,50.9,17.5,125.2,65.6,17.5,8.5,14.0,144.5,97.14736328125,94.3947265625,95.74239529881963,95.74726037885063,109.185791015625,105.37158203125,108.31098579146135,108.4596854328767,20210225,97.2,107.8,-10.599999999999994,111.9,103.6,8.300000000000011,97.0,106.8,-9.8,68.2,17.250353047737363,147.64657002731877,67.13285917496444,17.97459379675891,152.6624073232459,25.45288874549213,152.6624073232459,17.97459379675891,152.6624073232459,25.45288874549213,140.67270285151437,112.4,103.5,8.88,69.2,97.2,107.8,-10.599999999999994,111.9,103.6,8.300000000000011,20.59434614237442,146.52686160371982,0,98.98583151,100.11486219999999,-1.1290306899999933,-3.056572625,107.07189059999999,104.33507440000001,2.7368161999999785,5.2775560189999995,2021-02-25,6.749508839591698,144.8851183027302,7.495533038094621,144.8851183027302,-3.1999999999999993,-95.45,-82.46166116276314,-92.25,-12.988338837236867,1,0,1,0,1,0,1,0,1,0,1,0,1,0,1,0,1,0,0,1,0,1,1,0,0,1,1,0,-2.768590492641705,0.3666666666666689,-3.99288573896256,-7.954166666666667,-8.386363636363637,-1,-1.0,-1,-1,-1,-3,-3.0,-3.0
30.0,15,-2.1666666666666616,-3.1457269950944724,-7.546529589657661,116.0,105.19999999999992,100.3,107.36666666666667,Sat 2-27 2-27,H,327 (Ⅳ),Northern Illinois,"W, 91-57",68,134.6,60.7,14.8,84.3,42.1,23.7,13.5,-4.0,134.5,106.573681640625,97.14736328125,102.49493019921309,99.42957667360508,104.7428955078125,109.185791015625,105.64065719430758,106.97610626326276,20210227,97.3,108.1,-10.799999999999995,95.0,108.9,-13.900000000000004,97.0,106.8,-9.8,68.2,-6.071990805189181,129.72299143656366,63.05832147937412,-5.89581909604415,135.1575351448165,-2.887802877831798,135.1575351448165,-5.89581909604415,135.1575351448165,-2.887802877831798,130.2089372085599,94.9,108.5,-13.61,65.0,97.3,108.1,-10.799999999999995,95.0,108.9,-13.900000000000004,-3.6477365534888566,126.8771519718009,0,98.98583151,100.11486219999999,-1.1290306899999933,-3.056572625,93.80446061,103.85778509999999,-10.05332448999998,-10.75608671,2021-02-27,-9.323146276474525,127.53000120771424,-6.498876909695056,127.53000120771424,24.8,-70.65,-86.7911074418421,-95.45,16.141107441842095,1,0,0,1,1,0,1,0,0,1,1,0,1,0,1,0,0,1,0,1,1,0,0,1,1,0,0,1,6.654273004905528,7.633333333333339,-2.768590492641705,-5.434615384615385,-7.954166666666667,1,-1.0,1,-1,-1,1,-3.0,-3.0
-27.0,-40,-12.533333333333333,-15.497151330062984,-13.483524209719903,93.8,103.23333333333328,134.0,115.76666666666668,Tue 3-02 3-02,A,141 (Ⅲ),Ball St.,"L, 100-65",72,89.9,43.3,13.8,138.3,59.9,13.8,20.5,8.0,144.5,100.18684082031253,106.573681640625,99.59662013280874,98.40601727840416,119.37144775390622,104.7428955078125,115.09377146287173,111.88954148812405,20210302,98.7,106.0,-7.299999999999998,101.4,101.1,0.30000000000001137,98.1,106.1,-8.03,68.7,10.88523808229732,143.4593579466378,69.09089615931723,9.551900465145351,146.79801582833016,12.467472276990991,146.79801582833016,9.551900465145351,146.79801582833016,12.467472276990991,146.9552219405797,102.9,101.1,1.76,70.7,98.7,106.0,-7.299999999999998,101.4,101.1,0.30000000000001137,9.174298686102674,141.34728941408602,0,98.98583151,100.11486219999999,-1.1290306899999933,-3.056572625,98.407838,98.90826221,-0.5004242100000056,0.948978647,2021-03-02,4.326114709274705,138.9857270323244,4.681630184471416,138.9857270323244,-31.97,-102.62,-81.41073829456141,-70.65,-21.209261705438593,1,0,0,1,1,0,1,0,1,0,1,0,1,0,1,0,1,0,1,0,0,1,0,1,0,1,0,1,-7.467151330062984,-4.503333333333334,6.654273004905528,-7.329999999999999,-5.434615384615385,-1,1.0,-1,-1,-1,-3,1.0,-3.0
