ATS,EMRating,EMRating3GameEMA,EMRating5GameExpMA,EMRating10GameExpMA,AdjO,AdjO3GameEMA,AdjD,AdjD3GameEMA,Date,HomeAway,Op Rank,Opponent,Result,Pace,PPP,EFG%,TO%,PPP1,EFG%1,TO%1,OverUnder,ATSVegas,OverUnderVegas,AdjO3ExpMA,AdjO3ExpMAS,AdjO5ExpMA,AdjO10ExpMA,AdjD3ExpMA,AdjD3ExpMAS,AdjD5ExpMA,AdjD10ExpMA,DateNew,AdjOECurrent,AdjDECurrent,AdjEMCurrent,AdjOECurrentOpp,AdjDECurrentOpp,AdjEMCurrentOpp,PomAdjOECurrent,PomAdjDECurrent,PomAdjEMCurrent,PomAdjTCurrent,PomSpread,PomTotal,PomTempo,TRankSpread,TRankTotal,B3GSpread,B3GTotal,TRankLast10Spread,TRankLast10Total,MC5Spread,MC5Total,PomAdjOECurrentOpp,PomAdjDECurrentOpp,PomAdjEMCurrentOpp,PomAdjTCurrentOpp,AdjOELast10,AdjDELast10,AdjEMLast10,AdjOEOppLast10,AdjDEOppLast10,AdjEMOppLast10,MC10Spread,MC10Total,MC10Edge,AdjOE_MG,AdjDE_MG,AdjEM_MG,Adj_Margin_EM_MG,AdjOE_MG_Opp,AdjDE_MG_Opp,AdjEM_MG_Opp,Adj_Margin_EM_MG_Opp,Dates,MG_Spread,MG_Total,MG_Rank_Score_Dif,MG_Rank_Total,GameDifRating,DifCumSum,DifCumSumEMA,DifCumSumShifted,DifOverplayingandEMA,PomSpreadWinATS,PomSpreadLossATS,PomTotalWinTotal,PomTotalLossTotal,TRankSpreadWinATS,TRankSpreadLossATS,TRankTotalWinTotal,TRankTotalLossTotal,B3GSpreadWinATS,B3GSpreadLossATS,B3GTotalWinTotal,B3GTotalLossTotal,TRankLast10SpreadWinATS,TRankLast10SpreadLossATS,TRankLast10TotalWinTotal,TRankLast10TotalLossTotal,MC5SpreadWinATS,MC5SpreadLossATS,MC5TotalWinTotal,MC5TotalLossTotal,MG_SpreadWinATS,MG_SpreadLossATS,MG_TotalWinTotal,MG_TotalLossTotal,MG_Rank_Score_DifWinATS,MG_Rank_Score_DifLossATS,MG_Rank_TotalWinTotal,MG_Rank_TotalLossTotal,PlayingOverRating,PlayingOverRating3,PlayingOverRatingShift,RollingMeanDiffEM,RollingMeanDiffEMShift,PlayingOverPomeroyTrue,PlayingOverPomeroyShiftTrue,PlayingOverDailyTrue,RollingMeanDiffEMTrue,RollingMeanDiffEMShiftTrue,SignalSum,SignalSumShift,SignalSumShiftAfterGame
-6.5,-15,,-15.299999999999995,-15.299999999999995,99.7,0.0,115.0,0.0,Sat 11-28 11-28,H,278 (Ⅳ),High Point,"W, 76-75",71,106.8,47.5,9.8,105.4,54.9,16.9,12.0,-7.5,139.0,99.7,0.0,99.7,99.7,115.0,0.0,115.0,115.0,20201128,99.9,106.6,-6.699999999999988,94.8,106.9,-12.100000000000007,98.5,102.3,-3.78,70.9,-8.828056125147171,142.28432773303774,71.20256045519203,-8.418091608270586,151.5411400047891,10.284415437536836,151.5411400047891,-8.418091608270586,151.5411400047891,10.284415437536836,167.3048978781786,94.7,105.3,-10.64,70.6,99.9,106.6,-6.699999999999988,94.8,106.9,-12.100000000000007,10.284415437536836,167.3048978781786,0,0.0,0.0,0.0,0.0,107.79908967586012,102.99530100557828,4.803788670281833,2.1404375244907987,2020-11-28,0.0,0.0,,0.0,-11.22,-11.22,0.0,0.0,-11.22,0,1,1,0,0,1,1,0,1,0,1,0,0,1,1,0,1,0,1,0,1,0,0,1,0,1,0,1,-11.519999999999996,,0.0,-11.22,0.0,-1,0.0,-1,-1,1,-3,0.0,0.0
7.0,6,,-8.033333333333333,-11.336363636363632,96.6,0.0,90.1,0.0,Wed 12-16 12-16,H,194 (Ⅳ),Campbell,"W, 66-56",64,103.9,62.5,34.6,88.2,47.8,23.6,-16.5,-3.0,138.5,98.15,99.7,98.66666666666669,99.13636363636364,102.55,115.0,106.7,110.47272727272728,20201216,98.5,106.3,-7.799999999999998,99.6,104.6,-5.0,98.3,102.6,-4.37,69.7,-5.662410455999932,140.41364627558755,68.70853485064012,-2.114223898941475,146.95211913071864,8.80027032635299,146.95211913071864,-2.114223898941475,146.95211913071864,8.80027032635299,163.2342211172449,98.8,105.7,-6.91,69.3,98.5,106.3,-7.799999999999998,99.6,104.6,-5.0,8.953429433624756,163.1021124041262,0,96.28026747635587,105.05582878712572,-8.775561310769845,-12.161923045470374,109.98621653876694,102.37307828360788,7.613138255159058,3.047254292084412,2020-12-16,7.732242156941652,150.33723552099008,8.613839710648726,150.33723552099008,10.370000000000001,-0.8499999999999996,-11.22,-11.22,10.370000000000001,1,0,0,1,0,1,0,1,0,1,0,1,0,1,0,1,0,1,0,1,0,1,0,1,0,1,0,1,-3.663333333333333,,-11.519999999999996,-0.4249999999999998,-11.22,-1,-1.0,1,-1,-1,-1,-3.0,0.0
1.5,0,-3.0999999999999988,-5.522222222222222,-9.366115702479336,103.8,100.03333333333336,104.3,103.13333333333333,Sat 12-19 12-19,H,119 (Ⅲ),UNC Greensboro,"L, 71-64",66,96.3,45.7,21.1,106.9,47.6,15.1,1.0,8.5,134.0,100.975,98.15,100.37777777777781,99.98429752066114,103.425,102.55,105.9,109.35041322314049,20201219,98.3,105.2,-6.900000000000006,98.2,92.9,5.299999999999997,98.0,101.8,-3.73,68.9,2.3425854645443422,137.335410987871,70.56614509246089,4.721124804466442,140.31595405552554,-4.140153900793123,140.31595405552554,4.721124804466442,140.31595405552554,-4.140153900793123,131.09505303696864,100.5,95.4,5.07,72.0,98.3,105.2,-6.900000000000006,98.2,92.9,5.299999999999997,-3.647471026463003,133.44098186698508,0,95.36396568556984,97.45727477642477,-2.0933090908549303,-0.9294706279379762,89.21343795189838,96.87582594874424,-7.662387996845851,-1.983162724392184,2020-12-19,-7.554055872054427,129.62051737365928,-2.690627293116748,129.62051737365928,3.73,2.8800000000000003,-7.7633333333333345,-0.8499999999999996,10.643333333333334,1,0,1,0,1,0,1,0,1,0,1,0,1,0,1,0,1,0,0,1,1,0,0,1,1,0,0,1,-1.7922222222222222,0.6300000000000012,-3.663333333333333,0.9600000000000004,-0.4249999999999998,-1,-1.0,1,1,-1,1,-1.0,-3.0
-18.5,-20,-4.73333333333333,-10.414814814814813,-11.335912847483089,87.4,95.93333333333334,107.6,100.66666666666669,Sat 1-02 1-02,A,164 (Ⅲ),Northeastern,"L, 75-52",68,77.0,39.2,19.2,111.0,60.0,14.8,-5.0,4.5,132.0,94.1875,100.975,96.05185185185186,97.69624342599549,105.5125,103.425,106.46666666666668,109.03215627347858,20210102,100.6,106.8,-6.200000000000002,99.2,100.0,-0.7999999999999972,99.5,103.5,-4.03,67.5,5.334903769835236,132.71487963555916,65.5796586059744,7.484144284191714,139.01623944988813,6.583941619467133,139.01623944988813,7.484144284191714,139.01623944988813,6.583941619467133,123.98574276243937,99.4,100.9,-1.51,68.3,100.6,106.8,-6.200000000000002,99.2,100.0,-0.7999999999999972,6.004205316667254,128.64776181177928,0,99.71871661329523,105.03635496440008,-5.317638351104847,-3.617731562151225,92.7323996909326,97.98416564913003,-5.2517659581974385,-3.317639632601772,2021-01-02,3.467903018188643,131.21949965763508,1.9693550053338384,131.21949965763508,-15.969999999999999,-13.089999999999998,-4.215555555555557,2.8800000000000003,-8.87444444444444,1,0,0,1,1,0,0,1,1,0,0,1,1,0,0,1,1,0,1,0,0,1,1,0,0,1,1,0,-6.3848148148148125,-0.7033333333333296,-1.7922222222222222,-3.2725,0.9600000000000004,-1,-1.0,-1,-1,1,-3,1.0,-1.0
-2.0,-16,-12.233333333333327,-12.27654320987654,-12.183928693395258,84.4,91.86666666666667,100.4,104.09999999999998,Sun 1-03 1-03,A,164 (Ⅲ),Northeastern,"L, 66-58",70,83.3,42.7,17.2,94.8,50.9,12.9,-9.5,6.0,133.5,89.29375,94.1875,92.16790123456794,95.278744621269,102.95625,105.5125,104.44444444444444,107.46267331466429,20210103,100.6,106.8,-6.200000000000002,99.1,100.0,-0.9000000000000057,99.5,103.5,-4.03,67.5,5.257752913764037,132.4512280827592,65.48364153627313,7.399774817929085,138.74498939544267,9.253336440106635,138.74498939544267,7.399774817929085,138.74498939544267,9.253336440106635,121.93689412098371,99.3,100.9,-1.61,68.2,100.6,106.8,-6.200000000000002,99.1,100.0,-0.9000000000000057,9.894988456589777,126.90608182609319,0,95.45664112042178,105.6616740675417,-10.205032947119918,-5.105012121493508,93.81868545990764,95.90869544764374,-2.090009987736096,1.9703849397710824,2021-01-03,8.675337786263164,128.20629735738763,6.438032259501675,128.20629735738763,-11.969999999999999,-25.059999999999995,-7.173703703703705,-13.089999999999998,-17.88629629629629,0,1,1,0,1,0,0,1,1,0,0,1,1,0,0,1,1,0,1,0,1,0,1,0,1,0,1,0,-8.246543209876538,-8.203333333333326,-6.3848148148148125,-5.012,-3.2725,-1,-1.0,-1,-1,-1,-3,-3.0,1.0
-16.0,-33,-23.16666666666666,-19.28436213991769,-16.023214385505213,69.3,80.36666666666667,102.6,103.53333333333332,Sat 1-30 1-30,A,193 (Ⅲ),Delaware,"L, 66-43",66,65.4,33.1,18.3,100.4,59.0,27.4,-24.0,7.0,133.0,79.296875,89.29375,84.54526748971195,90.555336508311,102.778125,102.95625,103.82962962962965,106.57855089381624,20210130,99.2,107.0,-7.799999999999998,96.9,103.6,-6.699999999999988,99.1,105.0,-5.91,67.4,3.1725408877702534,131.1225058304185,64.0443812233286,4.398159071587372,135.71640315269795,5.908962363247227,135.71640315269795,4.398159071587372,135.71640315269795,5.908962363247227,120.61335764597666,97.6,104.2,-6.66,66.8,99.2,107.0,-7.799999999999998,96.9,103.6,-6.699999999999988,5.055596288888969,120.7439437427077,0,92.8483347167362,106.40446921785956,-13.556134501123353,-9.382168882873694,91.3554456652358,95.06521749314828,-3.7097718279124763,-2.1432741062440472,2021-01-30,9.288793847478843,122.07329015812743,6.326008460314725,122.07329015812743,-27.09,-52.14999999999999,-13.135802469135802,-25.059999999999995,-39.01419753086419,0,1,1,0,0,1,0,1,0,1,0,1,0,1,0,1,0,1,1,0,1,0,1,0,0,1,1,0,-13.37436213991769,-17.25666666666666,-8.246543209876538,-8.691666666666666,-5.012,-1,-1.0,-1,-1,-1,-3,-3.0,-3.0
1.5,-15,-21.6,-18.022908093278467,-15.928084497231536,107.0,86.90000000000002,122.5,108.5,Sun 1-31 1-31,A,193 (Ⅲ),Delaware,"L, 75-70",65,107.0,54.5,16.8,114.6,55.2,18.3,12.0,6.5,133.0,93.1484375,79.296875,92.03017832647464,93.54527532498173,112.6390625,102.778125,110.0530864197531,109.47335982221328,20210131,99.1,106.9,-7.800000000000012,96.8,103.6,-6.799999999999998,99.0,104.9,-5.91,67.4,3.158349277913352,130.73386471817187,64.0443812233286,4.326642641184819,135.51250946011686,12.339617451421695,135.51250946011686,4.326642641184819,135.51250946011686,12.339617451421695,113.57395113099045,97.4,104.0,-6.66,66.8,99.1,106.9,-7.800000000000012,96.8,103.6,-6.799999999999998,9.034779028942225,116.78012098551831,0,98.04956170943841,107.35504202061044,-9.305480311172033,-6.3867039763649975,91.54229580205241,94.81025815235779,-3.267962350305382,-1.4771348638285184,2021-01-31,7.01180111111173,125.79489286019725,4.867036976150416,125.79489286019725,-9.09,-61.239999999999995,-26.140534979423865,-52.14999999999999,-35.09946502057613,1,0,0,1,1,0,1,0,0,1,1,0,1,0,1,0,0,1,0,1,0,1,0,1,1,0,0,1,-12.112908093278467,-15.690000000000001,-13.37436213991769,-8.748571428571429,-8.691666666666666,-1,-1.0,-1,-1,-1,-3,-3.0,-3.0
-11.5,-22,-23.73333333333333,-19.481938728852317,-17.104796406825802,81.0,85.7666666666667,103.4,109.5,Wed 2-03 2-03,A,132 (Ⅱ),James Madison,"L, 78-57",72,79.2,42.0,18.1,108.3,47.6,13.9,-10.0,9.5,145.0,87.07421875,93.1484375,88.35345221764976,91.26431617498504,108.01953125,112.6390625,107.83539094650207,108.36911258181088,20210203,97.3,107.6,-10.299999999999997,103.5,103.6,-0.09999999999999433,97.5,105.4,-7.93,67.2,7.541972846659775,142.59677389726204,68.25149359886203,11.538019180485762,148.5460175677414,19.731300981679997,148.5460175677414,11.538019180485762,148.5460175677414,19.731300981679997,137.612790851497,102.0,104.9,-2.96,71.4,97.3,107.6,-10.299999999999997,103.5,103.6,-0.09999999999999433,15.140338080945744,137.14793148947305,0,98.1846522649413,107.54768106433859,-9.363028799397284,-6.43365972912044,95.97729310937704,99.17299102994218,-3.195697920565138,-7.707559575429003,2021-02-03,8.015293702512551,140.3611486663828,0.9064638412706927,140.3611486663828,-14.07,-75.31,-37.84035665294924,-61.239999999999995,-37.46964334705076,0,1,1,0,1,0,0,1,1,0,0,1,1,0,0,1,1,0,1,0,0,1,1,0,0,1,1,0,-11.551938728852317,-15.803333333333331,-12.112908093278467,-9.41375,-8.748571428571429,-1,-1.0,-1,-1,-1,-3,-3.0,-3.0
-4.5,-6,-14.800000000000002,-15.154625819234875,-15.176651605584743,89.4,92.46666666666668,95.9,107.26666666666664,Tue 2-09 2-09,H,132 (Ⅲ),James Madison,"L, 70-61",70,87.5,39.7,20.1,100.4,43.5,17.2,-12.0,4.5,143.0,88.237109375,87.07421875,88.70230147843318,90.92534959771505,101.959765625,108.01953125,103.85692729766808,106.10200120329979,20210209,96.2,107.6,-11.399999999999993,103.6,102.0,1.5999999999999943,96.6,105.7,-9.04,67.4,1.3122313510740184,141.95743853457242,68.55049786628734,5.2533681824192655,146.90290885361486,17.22327316405508,146.90290885361486,5.2533681824192655,146.90290885361486,17.22327316405508,131.40506722918045,102.2,103.8,-1.57,71.5,96.2,107.6,-11.399999999999993,103.6,102.0,1.5999999999999943,9.53911433649956,136.0873989264215,0,98.60847169051942,104.13974666257036,-5.531274972050937,-4.609592333842688,95.77532737889022,99.15789740446354,-3.3825700255733153,-8.069034385490486,2021-02-09,-2.504739861993002,138.64544906541028,-4.169201025714365,138.64544906541028,3.039999999999999,-72.27000000000001,-50.33023776863283,-75.31,-21.939762231367183,0,1,1,0,1,0,0,1,1,0,0,1,1,0,0,1,1,0,1,0,0,1,1,0,0,1,1,0,-6.114625819234876,-5.760000000000003,-11.551938728852317,-8.030000000000001,-9.41375,-1,-1.0,-1,-1,-1,-3,-3.0,-3.0
-10.5,-32,-20.36666666666667,-20.836417212823257,-18.271805859114792,76.0,82.13333333333334,108.2,102.5,Sat 2-13 2-13,A,218 (Ⅲ),College of Charleston,"L, 71-53",66,79.9,40.2,25.6,107.1,52.7,10.6,-6.0,7.5,130.0,82.1185546875,88.237109375,84.46820098562213,88.21164967085775,105.0798828125,101.959765625,105.30461819844538,106.48345552997256,20210213,93.8,106.4,-12.600000000000007,102.0,108.6,-6.599999999999994,95.9,105.5,-9.54,67.2,6.510352631384954,127.1697089128701,60.89103840682789,7.8557853114482015,131.80369097589613,13.76175743254548,131.80369097589613,7.8557853114482015,131.80369097589613,13.76175743254548,122.7589692564416,101.7,106.8,-5.09,63.7,93.8,106.4,-12.600000000000007,102.0,108.6,-6.599999999999994,8.730041426383838,122.79611802867882,0,98.69053298034945,102.06884202607166,-3.3783090457222187,-1.444322060872259,102.37966253190172,100.90346039365572,1.4762021382459949,1.5450817336912976,2021-02-13,6.652541313866671,127.82058161550847,3.5260870386290932,127.82058161550847,-22.46,-94.73000000000002,-57.64349184575523,-72.27000000000001,-37.08650815424479,0,1,1,0,1,0,0,1,1,0,0,1,1,0,0,1,1,0,1,0,0,1,1,0,0,1,1,0,-11.296417212823258,-10.826666666666672,-6.114625819234876,-9.473,-8.030000000000001,-1,-1.0,-1,-1,-1,-3,-3.0,-3.0
18.5,14,-8.100000000000003,-9.09094480854884,-12.33147752109392,109.1,91.5,94.7,99.59999999999998,Sun 2-14 2-14,A,218 (Ⅲ),College of Charleston,"W, 66-55",58,113.4,57.3,17.2,94.5,50.0,17.2,-9.0,7.5,130.0,95.60927734375,82.1185546875,92.67880065708141,92.00953154888359,99.88994140625,105.0798828125,101.76974546563028,104.34100906997752,20210214,94.1,106.6,-12.5,102.1,108.7,-6.6000000000000085,96.0,105.5,-9.51,67.3,6.457038096751866,127.42195211051546,60.98165007112376,7.8114119983983485,132.4495538993228,17.271963830717358,132.4495538993228,7.8114119983983485,132.4495538993228,17.271963830717358,119.16758702035891,101.7,106.8,-5.04,63.7,94.1,106.6,-12.5,102.1,108.7,-6.6000000000000085,12.189630602482222,122.16262561283037,0,98.56430339987051,102.25600726143664,-3.6917038615661255,0.02938772403838621,102.6990666135978,100.34697282794916,2.352093785648634,2.903632796244352,2021-02-14,7.40782712605823,127.92688581145504,3.4852887344533414,127.92688581145504,23.509999999999998,-71.22000000000003,-70.00566123050349,-94.73000000000002,-1.2143387694965355,1,0,1,0,0,1,0,1,0,1,0,1,0,1,0,1,0,1,1,0,1,0,1,0,1,0,1,0,0.4190551914511591,1.4099999999999966,-11.296417212823258,-6.474545454545455,-9.473,1,-1.0,-1,-1,-1,-1,-3.0,-3.0
23.0,28,3.5666666666666633,3.4393701276341053,-4.9075725172586635,114.5,99.86666666666667,86.0,96.3,Sat 2-20 2-20,A,303 (Ⅳ),William & Mary,"W, 75-54",64,118.1,59.0,17.3,85.0,38.3,15.7,-7.5,2.0,136.5,105.054638671875,95.60927734375,99.95253377138764,96.09870763090478,92.944970703125,99.88994140625,96.51316364375351,101.00628014816343,20210220,93.8,106.2,-12.400000000000004,99.2,107.6,-8.399999999999991,95.9,105.3,-9.43,67.0,4.119594905762327,134.75308150167098,64.71266002844952,6.769698198504031,137.03871372302865,7.641219386556482,137.03871372302865,6.769698198504031,137.03871372302865,7.641219386556482,134.13516850844746,99.6,108.8,-9.17,67.9,93.8,106.2,-12.400000000000004,99.2,107.6,-8.399999999999991,2.9548494795744285,124.06154303557561,0,98.6466175,102.38612950000001,-3.739512000000005,-0.0030357009999999996,94.16617685,100.04308329999999,-5.876906449999993,-8.508595309,2021-02-20,2.1151578507220563,129.49341071936098,-3.769332831582865,129.49341071936098,37.43,-33.79000000000003,-70.41044082033568,-71.22000000000003,36.62044082033565,0,1,1,0,0,1,0,1,0,1,0,1,0,1,0,1,0,1,1,0,0,1,1,0,1,0,1,0,12.869370127634106,12.996666666666663,0.4190551914511591,-2.815833333333333,-6.474545454545455,1,1.0,1,-1,-1,1,-1.0,-3.0
15.0,14,19.099999999999994,7.092913418422733,-1.3971047868479975,98.3,107.3,83.9,88.19999999999997,Mon 2-22 2-22,H,303 (Ⅳ),William & Mary,"W, 73-54",69,106.0,55.2,18.9,78.4,45.2,30.5,-10.0,-4.0,137.0,101.6773193359375,105.054638671875,99.40168918092509,96.49894260710391,88.4224853515625,92.944970703125,92.30877576250236,97.89604739395187,20210222,95.4,104.2,-8.799999999999997,97.7,109.4,-11.700000000000005,96.4,103.1,-6.7,67.2,-7.011591987455155,133.53986839353067,65.19260312944525,-5.57430543136762,137.91746933347804,-9.084338314291188,137.91746933347804,-5.57430543136762,137.91746933347804,-9.084338314291188,131.34366151940293,97.3,109.3,-12.08,68.2,95.4,104.2,-8.799999999999997,97.7,109.4,-11.700000000000005,-5.984620266588291,127.77286964873471,0,98.6466175,102.38612950000001,-3.739512000000005,-0.0030357009999999996,94.16617685,100.04308329999999,-5.876906449999993,-8.508595309,2021-02-22,-5.174380179325183,130.51022549671967,-7.292703253267632,130.51022549671967,20.7,-13.090000000000028,-58.203627213557134,-33.79000000000003,45.11362721355711,1,0,1,0,1,0,0,1,1,0,0,1,1,0,0,1,1,0,1,0,1,0,1,0,1,0,1,0,13.792913418422733,25.799999999999994,12.869370127634106,-1.0069230769230764,-2.815833333333333,1,1.0,1,-1,-1,1,1.0,-1.0
4.0,7,16.933333333333334,7.361942278948492,0.2932779016698213,114.4,109.06666666666668,106.5,92.13333333333333,Sat 2-27 2-27,A,222 (Ⅲ),UNC Wilmington,"W, 80-77",68,118.2,56.6,5.9,113.7,57.3,14.8,19.0,1.0,138.0,108.03865966796873,101.6773193359375,104.40112612061674,99.7536803149032,97.46124267578124,88.4224853515625,97.03918384166825,99.46040241323335,20210227,95.7,102.6,-6.899999999999992,104.1,108.4,-4.300000000000011,96.4,103.1,-6.7,67.2,5.533089732607635,138.75826280052988,65.95732574679944,6.061166280686621,142.45516563081836,-4.183017299494053,142.45516563081836,6.061166280686621,142.45516563081836,-4.183017299494053,138.5249908154965,103.7,108.3,-4.59,69.0,95.7,102.6,-6.899999999999992,104.1,108.4,-4.300000000000011,7.015202213879811,132.94441351139128,0,98.6466175,102.38612950000001,-3.739512000000005,-0.0030357009999999996,105.2098715,97.28069904,7.929172460000004,8.892489041000001,2021-02-27,11.807443060139242,137.97942495973348,7.796140791630506,137.97942495973348,13.7,0.609999999999971,-43.165751475704774,-13.090000000000028,43.775751475704745,0,1,1,0,0,1,1,0,1,0,1,0,0,1,1,0,1,0,1,0,0,1,0,1,0,1,0,1,14.061942278948493,23.633333333333333,13.792913418422733,0.04357142857142904,-1.0069230769230764,1,1.0,1,1,-1,3,1.0,1.0
