ATS,EMRating,EMRating3GameEMA,EMRating5GameExpMA,EMRating10GameExpMA,AdjO,AdjO3GameEMA,AdjD,AdjD3GameEMA,Date,HomeAway,Op Rank,Opponent,Result,Pace,PPP,EFG%,TO%,PPP1,EFG%1,TO%1,OverUnder,ATSVegas,OverUnderVegas,AdjO3ExpMA,AdjO3ExpMAS,AdjO5ExpMA,AdjO10ExpMA,AdjD3ExpMA,AdjD3ExpMAS,AdjD5ExpMA,AdjD10ExpMA,DateNew,AdjOECurrent,AdjDECurrent,AdjEMCurrent,AdjOECurrentOpp,AdjDECurrentOpp,AdjEMCurrentOpp,PomAdjOECurrent,PomAdjDECurrent,PomAdjEMCurrent,PomAdjTCurrent,PomSpread,PomTotal,PomTempo,TRankSpread,TRankTotal,B3GSpread,B3GTotal,TRankLast10Spread,TRankLast10Total,MC5Spread,MC5Total,PomAdjOECurrentOpp,PomAdjDECurrentOpp,PomAdjEMCurrentOpp,PomAdjTCurrentOpp,AdjOELast10,AdjDELast10,AdjEMLast10,AdjOEOppLast10,AdjDEOppLast10,AdjEMOppLast10,MC10Spread,MC10Total,MC10Edge,AdjOE_MG,AdjDE_MG,AdjEM_MG,Adj_Margin_EM_MG,AdjOE_MG_Opp,AdjDE_MG_Opp,AdjEM_MG_Opp,Adj_Margin_EM_MG_Opp,Dates,MG_Spread,MG_Total,MG_Rank_Score_Dif,MG_Rank_Total,GameDifRating,DifCumSum,DifCumSumEMA,DifCumSumShifted,DifOverplayingandEMA,PomSpreadWinATS,PomSpreadLossATS,PomTotalWinTotal,PomTotalLossTotal,TRankSpreadWinATS,TRankSpreadLossATS,TRankTotalWinTotal,TRankTotalLossTotal,B3GSpreadWinATS,B3GSpreadLossATS,B3GTotalWinTotal,B3GTotalLossTotal,TRankLast10SpreadWinATS,TRankLast10SpreadLossATS,TRankLast10TotalWinTotal,TRankLast10TotalLossTotal,MC5SpreadWinATS,MC5SpreadLossATS,MC5TotalWinTotal,MC5TotalLossTotal,MG_SpreadWinATS,MG_SpreadLossATS,MG_TotalWinTotal,MG_TotalLossTotal,MG_Rank_Score_DifWinATS,MG_Rank_Score_DifLossATS,MG_Rank_TotalWinTotal,MG_Rank_TotalLossTotal,PlayingOverRating,PlayingOverRating3,PlayingOverRatingShift,RollingMeanDiffEM,RollingMeanDiffEMShift,PlayingOverPomeroyTrue,PlayingOverPomeroyShiftTrue,PlayingOverDailyTrue,RollingMeanDiffEMTrue,RollingMeanDiffEMShiftTrue,SignalSum,SignalSumShift,SignalSumShiftAfterGame
3.0,2,,2.0,2.0,95.9,0.0,93.9,0.0,Wed 11-25 11-25,H,288 (Ⅳ),Florida A&M,"W, 65-56",69,94.4,62.7,33.4,81.3,52.0,29.0,-12.5,-6.0,133.5,95.9,0.0,95.9,95.9,93.9,0.0,93.9,93.9,20201125,97.3,100.8,-3.5,95.1,105.4,-10.300000000000011,93.3,100.9,-7.64,70.8,-7.434729986071659,132.1540133949592,72.10924608819346,-9.033461312571617,146.47917732770787,-20.57319519778821,146.47917732770787,-9.033461312571617,146.47917732770787,-20.57319519778821,126.15992830130355,88.6,101.4,-12.83,71.6,97.3,100.8,-3.5,95.1,105.4,-10.300000000000011,-20.57319519778821,126.15992830130355,0,95.98614826,101.44739,-5.4612417400000055,-2.47388066,101.44739,95.98614826,5.4612417400000055,8.448602753,2020-11-25,3.9252536103778226,143.63585701665465,5.796744973953096,143.63585701665465,9.64,9.64,0.0,0.0,9.64,1,0,1,0,1,0,0,1,1,0,0,1,1,0,0,1,1,0,1,0,0,1,0,1,0,1,0,1,9.64,,0.0,9.64,0.0,1,0.0,1,1,1,3,0.0,0.0
-7.5,-28,,-8.233333333333333,-3.5818181818181825,84.6,0.0,113.3,0.0,Wed 12-02 12-02,A,180 (Ⅲ),South Florida,"L, 76-57",68,83.9,41.1,22.1,111.9,54.6,16.2,4.5,11.5,128.5,90.25,95.9,92.13333333333334,93.84545454545454,103.6,93.9,100.36666666666667,97.42727272727274,20201202,94.7,98.3,-3.5999999999999943,101.3,95.7,5.599999999999994,94.2,101.4,-7.28,70.4,12.656843018681762,131.9722079672324,69.498719772404,10.157454312728817,135.52292804790815,-6.975651456893052,135.52292804790815,10.157454312728817,135.52292804790815,-6.975651456893052,137.29393740970752,100.3,94.2,6.04,69.4,94.7,98.3,-3.5999999999999943,101.3,95.7,5.599999999999994,-6.94497024456049,137.27479327947668,0,93.8799145721846,95.81135891824243,-1.9314443460578303,0.4935032764693871,95.83281825937438,106.97223038607207,-11.139412126697692,-10.702518304839867,2020-12-02,-2.294762696614171,136.62363520201433,-5.934459397269933,136.62363520201433,-20.72,-11.079999999999998,9.64,9.64,-20.72,1,0,1,0,0,1,1,0,0,1,1,0,0,1,1,0,0,1,1,0,0,1,1,0,0,1,1,0,-0.9533333333333323,,9.64,-5.54,9.64,-1,1.0,-1,-1,1,-3,3.0,0.0
22.0,6,-6.633333333333336,-3.222222222222223,-1.6942148760330586,100.6,93.7,93.8,100.33333333333331,Sat 12-12 12-12,A,141 (Ⅲ),Miami FL,"W, 66-62",67,97.9,49.1,19.3,92.0,44.9,22.3,-4.5,18.0,132.5,95.425,90.25,94.95555555555555,95.07355371900827,98.7,103.6,98.1777777777778,96.76776859504132,20201212,94.0,99.2,-5.200000000000003,108.6,92.1,16.5,94.0,101.9,-7.9,69.8,20.93879021352705,137.36385704491016,71.28933143669985,19.39935233599867,142.15627917938315,20.600584276166227,142.15627917938315,19.39935233599867,142.15627917938315,20.600584276166227,121.79160435998132,106.5,89.8,16.78,71.8,94.0,99.2,-5.200000000000003,108.6,92.1,16.5,20.539275519280544,121.81730299664677,0,89.43950488986044,98.47674403457572,-9.037239144715272,-2.9248888113635942,93.67619094562107,86.97758652730019,6.698604418320883,5.067569784000713,2020-12-12,14.016812876210025,124.32182908700102,7.7152566193808525,124.32182908700102,13.9,2.820000000000002,2.733333333333335,-11.079999999999998,0.08666666666666689,0,1,0,1,0,1,0,1,0,1,0,1,0,1,0,1,0,1,1,0,1,0,1,0,1,0,1,0,4.677777777777777,1.266666666666664,-0.9533333333333323,0.9399999999999995,-5.54,1,-1.0,1,1,-1,3,-3.0,3.0
-14.5,-38,-20.266666666666666,-15.114814814814814,-8.458903080390684,83.7,89.63333333333333,122.6,109.90000000000002,Wed 12-16 12-16,H,289 (Ⅳ),FIU,"L, 85-69",76,91.2,46.2,26.4,112.3,57.5,17.2,10.5,1.5,143.5,89.5625,95.425,91.20370370370372,93.00563486100677,110.65,98.7,106.31851851851853,101.46453794139744,20201216,95.2,98.6,-3.3999999999999915,100.4,100.9,-0.5,95.3,101.1,-5.75,69.0,-1.612483020678269,144.0423378199746,72.23897581792318,-1.8639211647109732,144.05107577199476,0.4412974425337223,144.05107577199476,-1.8639211647109732,144.05107577199476,0.4412974425337223,145.88723823855193,100.8,103.4,-2.62,73.6,95.2,98.6,-3.3999999999999915,100.4,100.9,-0.5,0.5034378325143465,146.03177867784268,0,98.50317940801484,98.99275479255877,-0.4895753845439259,0.2786813847664989,106.11784290597623,101.099899262816,5.017943643160237,11.34940057326726,2020-12-16,-0.19676288043420698,151.0801966358764,5.857082732156869,151.0801966358764,-32.25,-29.43,2.762222222222224,2.820000000000002,-32.19222222222223,0,1,1,0,0,1,1,0,0,1,1,0,0,1,1,0,0,1,1,0,0,1,1,0,1,0,1,0,-9.364814814814814,-14.516666666666666,4.677777777777777,-7.3575,0.9399999999999995,-1,1.0,-1,-1,1,-3,3.0,-3.0
15.0,7,-8.266666666666666,-7.643209876543209,-5.593647974865105,102.3,95.53333333333336,95.0,103.8,Tue 12-22 12-22,H,261 (Ⅳ),Georgia Southern,"W, 73-60",69,105.5,50.0,20.2,86.7,33.3,23.1,1.0,2.0,132.0,95.93125,89.5625,94.90246913580248,94.69551943173279,102.825,110.65,102.5456790123457,100.2891674065979,20201222,95.0,100.2,-5.200000000000003,95.6,101.1,-5.5,95.0,102.1,-7.06,69.5,-2.4562541759334664,138.0923406456559,69.99431009957326,-4.029720931714365,137.45605442789835,-1.3099294827749892,137.45605442789835,-4.029720931714365,137.45605442789835,-1.3099294827749892,138.30778669556136,98.1,103.3,-5.23,70.8,95.0,100.2,-5.200000000000003,95.6,101.1,-5.5,-1.1076557908080658,138.32910357400723,0,93.03694191163616,99.51194099217524,-6.474999080539078,-7.795204273527455,97.95942813455878,100.44181600130376,-2.482387866744986,2.7206671512697405,2020-12-22,-0.9397916445640959,136.72028319577197,5.4503973934495065,136.72028319577197,14.059999999999999,-15.370000000000001,-7.968518518518516,-29.43,-7.401481481481485,1,0,1,0,1,0,1,0,1,0,1,0,1,0,1,0,1,0,1,0,1,0,1,0,0,1,1,0,-0.5832098765432097,-1.206666666666666,-9.364814814814814,-3.073999999999999,-7.3575,-1,-1.0,-1,-1,-1,-3,-3.0,3.0
-17.0,-26,-19.2,-13.762139917695475,-9.303893797616904,72.1,86.03333333333335,98.1,105.23333333333332,Fri 1-15 1-15,H,161 (Ⅳ),Bellarmine,"L, 74-60",75,80.5,43.0,22.8,99.3,48.3,21.5,2.0,-3.0,132.0,84.015625,95.93125,87.30164609053499,90.58724317141773,100.4625,102.825,101.06378600823048,99.89113696903463,20210115,96.8,101.6,-4.799999999999997,96.5,108.1,-11.599999999999996,96.9,103.1,-6.18,68.1,-5.542534242367296,131.8586199656147,64.22517780938833,-8.087555363839243,133.70846044158935,-1.0254263984092076,133.70846044158935,-8.087555363839243,133.70846044158935,-1.0254263984092076,134.97324545616297,98.6,107.9,-9.31,66.3,96.8,101.6,-4.799999999999997,96.5,108.1,-11.599999999999996,-1.6459717678873458,131.17869707507307,0,94.01330857778716,98.66189580435363,-4.648587226566477,-4.490781895088858,99.03360711368238,106.11941339645809,-7.085806282775707,-12.946686332073655,2021-01-15,-4.999925299254905,130.19087982677766,-7.072335209067397,130.19087982677766,-19.82,-35.19,-10.435679012345677,-15.370000000000001,-24.75432098765432,0,1,0,1,0,1,1,0,1,0,1,0,0,1,1,0,1,0,1,0,0,1,0,1,0,1,0,1,-7.582139917695475,-13.02,-0.5832098765432097,-5.865,-3.073999999999999,-1,-1.0,-1,-1,-1,-3,-3.0,-3.0
-18.5,-15,-11.366666666666665,-14.308093278463648,-10.412276743504737,95.4,89.93333333333334,110.8,101.3,Sat 1-16 1-16,H,161 (Ⅳ),Bellarmine,"L, 80-63",66,96.1,51.9,25.9,122.0,62.5,19.8,10.0,-1.5,133.0,89.7078125,84.015625,90.00109739368999,91.4622898675236,105.63125,100.4625,104.30919067215365,101.87456661102834,20210116,96.7,101.5,-4.799999999999997,96.5,108.0,-11.5,96.9,103.1,-6.23,68.1,-5.550894022521696,132.0575017453517,64.32204836415363,-8.022334600134492,133.70316756130657,3.4132161248534567,133.70316756130657,-8.022334600134492,133.70316756130657,3.4132161248534567,128.71380531980662,98.6,107.9,-9.29,66.4,96.7,101.5,-4.799999999999997,96.5,108.0,-11.5,2.2560742214476885,126.30321213221615,0,89.85052074492411,98.98033247360829,-9.129811728684174,-10.059515065660053,98.83153234324324,102.16690234005068,-3.3353699968074437,-10.637170189900713,2021-01-16,0.47387006299130263,125.04821131834336,-1.9862015159903734,125.04821131834336,-8.77,-43.959999999999994,-18.687119341563786,-35.19,-25.272880658436208,0,1,0,1,0,1,1,0,1,0,1,0,0,1,1,0,1,0,0,1,1,0,0,1,0,1,0,1,-8.078093278463648,-5.136666666666665,-7.582139917695475,-6.2799999999999985,-5.865,-1,-1.0,-1,-1,-1,-3,-3.0,-3.0
16.5,3,-12.666666666666664,-8.405395518975768,-7.900953699231148,107.9,91.8,104.5,104.46666666666664,Fri 1-22 1-22,A,217 (Ⅲ),Lipscomb,"W, 79-69",68,115.7,53.3,14.6,101.0,45.9,16.1,9.0,6.5,139.0,98.80390625,89.7078125,95.96739826246001,94.45096443706477,105.065625,105.63125,104.37279378143576,102.35191813629594,20210122,95.0,103.9,-8.900000000000006,102.2,108.0,-5.799999999999998,95.2,104.8,-9.64,69.0,7.15861055167025,135.70365452438065,64.68136557610244,6.258431130944643,138.62234788060178,11.03379176610688,138.62234788060178,6.258431130944643,138.62234788060178,11.03379176610688,128.27874772697203,103.0,107.9,-4.97,65.9,95.0,103.9,-8.900000000000006,102.2,108.0,-5.799999999999998,9.816750563557402,130.51083244323615,0,89.83863170035238,101.13276320062906,-11.294131500276677,-15.154982597040133,98.65591423085186,103.78279463905035,-5.126880408198488,-4.909291996563779,2021-01-22,7.9234610151504015,128.2082578039335,8.256440974020194,128.2082578039335,12.64,-31.319999999999993,-27.111412894375857,-43.959999999999994,-4.208587105624137,0,1,0,1,1,0,0,1,0,1,0,1,1,0,0,1,0,1,0,1,0,1,0,1,0,1,0,1,1.234604481024233,-3.0266666666666637,-8.078093278463648,-3.914999999999999,-6.2799999999999985,1,-1.0,-1,-1,-1,-1,-3.0,-3.0
-9.5,-19,-10.566666666666658,-12.170263679317172,-10.04623484482548,83.9,95.73333333333336,103.6,106.3,Sat 1-23 1-23,A,217 (Ⅲ),Lipscomb,"L, 71-56",67,84.2,36.3,16.5,106.7,52.2,21.0,-11.5,5.5,138.5,91.351953125,98.80390625,91.94493217497336,92.53260726668934,104.3328125,105.065625,104.11519585429052,102.57884211151483,20210123,95.0,103.9,-8.900000000000006,102.2,108.0,-5.799999999999998,95.0,104.6,-9.64,69.1,7.148109175471802,135.37089529593652,64.775106685633,6.267229275269756,138.8172241040233,11.44594215193232,138.8172241040233,6.267229275269756,138.8172241040233,11.44594215193232,137.0216675624914,102.8,107.7,-4.96,65.9,95.0,103.9,-8.900000000000006,102.2,108.0,-5.799999999999998,8.67628509612601,134.91203059040203,0,89.98858320723161,101.26179112422469,-11.273207916993073,-15.374695480764395,98.80416794040791,104.15162752394235,-5.3474595835344445,-5.298266657554334,2021-01-23,7.809198271104876,128.89293899728466,8.153247441611441,128.89293899728466,-9.36,-40.67999999999999,-28.514275262917238,-31.319999999999993,-12.165724737082755,1,0,1,0,1,0,0,1,1,0,0,1,1,0,0,1,1,0,1,0,1,0,1,0,1,0,1,0,-2.530263679317171,-0.926666666666657,1.234604481024233,-4.52,-3.914999999999999,-1,1.0,-1,-1,-1,-3,-1.0,-3.0
-1.0,-6,-7.7333333333333245,-10.413509119544779,-9.4741921457663,81.2,91.0,88.1,98.73333333333332,Fri 1-29 1-29,H,244 (Ⅳ),Stetson,"W, 64-63",73,87.4,39.7,15.0,86.0,39.7,16.4,-9.5,-2.0,136.5,86.2759765625,91.351953125,88.3632881166489,90.47213321820036,96.21640625,104.3328125,98.7767972361937,99.94632536396665,20210129,94.7,104.2,-9.5,99.7,106.3,-6.599999999999994,95.0,104.4,-9.39,69.8,-1.9037986637541593,136.86017639365934,67.21849217638692,-1.7256870034211005,140.84991763207307,0.12900652667559648,140.84991763207307,-1.7256870034211005,140.84991763207307,0.12900652667559648,127.22490312210992,99.4,106.2,-6.82,67.7,94.7,104.2,-9.5,99.7,106.3,-6.599999999999994,-1.0819962476978475,129.9504222748974,0,92.38456509737931,103.62186749625396,-11.237302398874647,-16.34080676766403,93.62475155336351,98.60440157883447,-4.97965002547096,-0.7008280546012877,2021-01-29,0.450796184903254,129.47099266682017,8.791211906266092,129.47099266682017,3.3900000000000006,-37.28999999999999,-32.569516841944825,-40.67999999999999,-4.720483158055167,1,0,0,1,1,0,0,1,1,0,0,1,1,0,0,1,1,0,1,0,1,0,1,0,1,0,1,0,-1.0235091195447783,1.656666666666676,-2.530263679317171,-3.728999999999999,-4.52,-1,-1.0,-1,-1,-1,-3,-3.0,-1.0
-14.5,-31,-19.433333333333326,-17.50900607969652,-13.515248119263337,87.8,84.3,119.5,103.73333333333332,Sat 1-30 1-30,H,244 (Ⅳ),Stetson,"L, 77-66",68,97.5,47.6,22.2,113.7,55.0,14.8,7.0,-3.5,136.0,87.03798828125,86.2759765625,88.17552541109926,89.9862908148912,107.858203125,96.21640625,105.6845314907958,103.50153893415451,20210130,94.6,104.1,-9.5,99.6,106.2,-6.6000000000000085,95.4,104.8,-9.39,69.8,-1.9275438034926395,138.2835668516613,67.31778093883356,-1.7223472442958183,140.77282423308617,3.429835535558116,140.77282423308617,-1.7223472442958183,140.77282423308617,3.429835535558116,124.62245604410838,99.9,106.7,-6.81,67.8,94.6,104.1,-9.5,99.6,106.2,-6.6000000000000085,-0.04298747980147576,127.30667987549877,0,92.33950999159364,103.62813169153587,-11.288621699942226,-16.335066383426252,93.59264061948367,98.66009136269643,-5.06745074321276,-0.7803113211696142,2021-01-30,0.42809987409708583,129.6432909260626,8.747521766675185,129.6432909260626,-21.61,-58.89999999999999,-34.143011227963214,-37.28999999999999,-24.756988772036777,1,0,1,0,1,0,1,0,1,0,1,0,1,0,1,0,1,0,0,1,1,0,0,1,1,0,0,1,-8.119006079696518,-10.043333333333326,-1.0235091195447783,-5.354545454545454,-3.728999999999999,-1,-1.0,-1,-1,-1,-3,-3.0,-3.0
23.5,18,-6.599999999999999,-5.4060040531310145,-7.639748461215455,103.6,90.86666666666667,84.8,97.46666666666664,Fri 2-05 2-05,H,303 (Ⅳ),North Alabama,"W, 86-60",79,108.9,52.7,15.2,76.0,37.5,13.9,6.5,-2.5,139.5,95.318994140625,87.03798828125,93.31701694073286,92.46151066672917,96.3291015625,107.858203125,98.72302099386387,100.1012591279446,20210205,93.1,103.9,-10.800000000000011,95.8,102.7,-6.900000000000006,93.8,104.1,-10.34,69.8,-2.1784401601555743,140.30250946074955,71.58719772403983,-1.1282845981444467,142.83847621809838,2.2153090368520685,142.83847621809838,-1.1282845981444467,142.83847621809838,2.2153090368520685,140.86939997221202,95.8,103.7,-7.93,72.1,93.1,103.9,-10.800000000000011,95.8,102.7,-6.900000000000006,0.36712856030048663,133.0016731872709,0,91.69289936597296,103.11463907927349,-11.421739713300525,-16.193983744781534,90.61515734783224,98.4950643145727,-7.879906966740464,-9.591252325633144,2021-02-05,-1.4789844821973617,134.50641530258918,2.980693850950665,134.50641530258918,28.34,-30.55999999999999,-42.39534081864214,-58.89999999999999,11.835340818642148,0,1,1,0,0,1,1,0,0,1,1,0,0,1,1,0,0,1,1,0,0,1,0,1,0,1,0,1,4.933995946868985,3.740000000000001,-8.119006079696518,-2.546666666666667,-5.354545454545454,1,-1.0,1,-1,-1,1,-3.0,-3.0
5.5,-6,-6.36666666666667,-5.670669368754012,-7.377976013721738,93.0,94.8,99.2,101.16666666666669,Sat 2-06 2-06,H,303 (Ⅳ),North Alabama,"W, 69-60",69,99.9,44.6,13.0,86.9,39.4,20.3,-12.5,-3.5,141.5,94.1594970703125,95.318994140625,93.21134462715523,92.55941781823293,97.76455078125,96.3291015625,98.88201399590923,99.9373938319547,20210206,93.2,104.0,-10.799999999999995,95.9,102.8,-6.899999999999992,93.8,104.1,-10.34,69.8,-2.1784401601555743,140.30250946074955,71.58719772403983,-1.1335410199825162,143.1281889109782,-6.744451991393476,143.1281889109782,-1.1335410199825162,143.1281889109782,-6.744451991393476,141.14649661777105,95.8,103.7,-7.94,72.1,93.2,104.0,-10.799999999999995,95.9,102.8,-6.899999999999992,-3.604810087217195,132.28825563267284,0,91.51393948613405,103.29032269062172,-11.776383204487672,-16.470864838728648,90.59731142585107,98.5680513546788,-7.970739928827726,-9.666641259429504,2021-02-06,-1.2963643836849883,134.52420001504316,3.128466965414198,134.52420001504316,4.34,-26.21999999999999,-38.45022721242809,-30.55999999999999,12.230227212428098,0,1,1,0,0,1,0,1,1,0,0,1,0,1,0,1,1,0,1,0,0,1,1,0,0,1,1,0,4.6693306312459875,3.97333333333333,4.933995946868985,-2.0169230769230744,-2.546666666666667,1,1.0,1,-1,-1,1,1.0,-3.0
-21.0,-36,-7.966666666666669,-15.947112912502675,-12.672889465772329,82.1,92.9,118.6,100.86666666666667,Fri 2-26 2-26,A,322 (Ⅳ),Kennesaw St.,"L, 80-63",75,83.5,43.2,19.9,106.0,56.3,15.9,10.0,-4.0,133.0,88.12974853515622,94.1594970703125,89.50756308477017,90.65770548764513,108.182275390625,97.76455078125,105.45467599727283,103.33059495341743,20210226,93.5,103.0,-9.5,90.2,106.0,-15.799999999999995,94.0,104.6,-10.55,70.0,-1.5513676666941336,132.48502920793698,69.20341394025604,-0.5871752221411413,135.94532929230968,2.6613057788338774,135.94532929230968,-0.5871752221411413,135.94532929230968,2.6613057788338774,133.63468389983103,88.4,106.5,-18.09,69.5,93.5,103.0,-9.5,90.2,106.0,-15.799999999999995,-0.8437606639367728,128.44346889270562,0,92.84125139,99.94847397,-7.107222579999998,-11.76822671,88.79328996,100.3862652,-11.592975240000001,-12.30993181,2021-02-26,0.4543756231303746,128.8451632972354,1.3295364597016786,128.8451632972354,-25.45,-51.66999999999999,-34.37348480828539,-26.21999999999999,-17.296515191714597,1,0,0,1,1,0,1,0,1,0,1,0,1,0,1,0,1,0,1,0,1,0,0,1,1,0,0,1,-5.397112912502674,2.583333333333332,4.6693306312459875,-3.690714285714284,-2.0169230769230744,-1,1.0,-1,-1,-1,-3,1.0,1.0
