ATS,EMRating,EMRating3GameEMA,EMRating5GameExpMA,EMRating10GameExpMA,AdjO,AdjO3GameEMA,AdjD,AdjD3GameEMA,Date,HomeAway,Op Rank,Opponent,Result,Pace,PPP,EFG%,TO%,PPP1,EFG%1,TO%1,OverUnder,ATSVegas,OverUnderVegas,AdjO3ExpMA,AdjO3ExpMAS,AdjO5ExpMA,AdjO10ExpMA,AdjD3ExpMA,AdjD3ExpMAS,AdjD5ExpMA,AdjD10ExpMA,DateNew,AdjOECurrent,AdjDECurrent,AdjEMCurrent,AdjOECurrentOpp,AdjDECurrentOpp,AdjEMCurrentOpp,PomAdjOECurrent,PomAdjDECurrent,PomAdjEMCurrent,PomAdjTCurrent,PomSpread,PomTotal,PomTempo,TRankSpread,TRankTotal,B3GSpread,B3GTotal,TRankLast10Spread,TRankLast10Total,MC5Spread,MC5Total,PomAdjOECurrentOpp,PomAdjDECurrentOpp,PomAdjEMCurrentOpp,PomAdjTCurrentOpp,AdjOELast10,AdjDELast10,AdjEMLast10,AdjOEOppLast10,AdjDEOppLast10,AdjEMOppLast10,MC10Spread,MC10Total,MC10Edge,AdjOE_MG,AdjDE_MG,AdjEM_MG,Adj_Margin_EM_MG,AdjOE_MG_Opp,AdjDE_MG_Opp,AdjEM_MG_Opp,Adj_Margin_EM_MG_Opp,Dates,MG_Spread,MG_Total,MG_Rank_Score_Dif,MG_Rank_Total,GameDifRating,DifCumSum,DifCumSumEMA,DifCumSumShifted,DifOverplayingandEMA,PomSpreadWinATS,PomSpreadLossATS,PomTotalWinTotal,PomTotalLossTotal,TRankSpreadWinATS,TRankSpreadLossATS,TRankTotalWinTotal,TRankTotalLossTotal,B3GSpreadWinATS,B3GSpreadLossATS,B3GTotalWinTotal,B3GTotalLossTotal,TRankLast10SpreadWinATS,TRankLast10SpreadLossATS,TRankLast10TotalWinTotal,TRankLast10TotalLossTotal,MC5SpreadWinATS,MC5SpreadLossATS,MC5TotalWinTotal,MC5TotalLossTotal,MG_SpreadWinATS,MG_SpreadLossATS,MG_TotalWinTotal,MG_TotalLossTotal,MG_Rank_Score_DifWinATS,MG_Rank_Score_DifLossATS,MG_Rank_TotalWinTotal,MG_Rank_TotalLossTotal,PlayingOverRating,PlayingOverRating3,PlayingOverRatingShift,RollingMeanDiffEM,RollingMeanDiffEMShift,PlayingOverPomeroyTrue,PlayingOverPomeroyShiftTrue,PlayingOverDailyTrue,RollingMeanDiffEMTrue,RollingMeanDiffEMShiftTrue,SignalSum,SignalSumShift,SignalSumShiftAfterGame
-27.0,-40,,-40.2,-40.2,71.1,0.0,111.3,0.0,Wed 12-30 12-30,H,209 (Ⅳ),George Washington,"L, 71-47",64,73.1,29.3,10.9,110.5,59.0,21.8,-13.5,-3.0,131.5,71.1,0.0,71.1,71.1,111.3,0.0,111.3,111.3,20201230,98.1,95.5,2.5999999999999943,99.4,107.3,-7.899999999999991,93.1,95.2,-2.13,67.8,-6.700373682101834,132.86969748318583,69.05376955903272,-11.27075248964563,141.76598421820495,21.130283565169766,141.76598421820495,-11.27075248964563,141.76598421820495,21.130283565169766,132.85421814745095,99.2,106.1,-6.93,71.6,98.1,95.5,2.5999999999999943,99.4,107.3,-7.899999999999991,19.607950481943718,130.33516276991546,0,0.0,0.0,0.0,0.0,100.08990029643014,109.42238541236372,-9.33248511593358,-6.98543341500314,2020-12-30,0.0,0.0,,0.0,-37.87,-37.87,0.0,0.0,-37.87,0,1,0,1,0,1,0,1,1,0,0,1,0,1,0,1,1,0,0,1,1,0,1,0,0,1,1,0,-38.07,,0.0,-37.87,0.0,-1,0.0,-1,-1,1,-3,0.0,0.0
-32.0,-48,,-42.96666666666667,-41.709090909090904,75.2,0.0,123.7,0.0,Sat 1-02 1-02,A,196 (Ⅲ),La Salle,"L, 89-52",70,74.4,35.8,27.2,127.3,71.9,17.2,19.0,5.0,122.0,73.15,71.1,72.46666666666667,71.84545454545454,117.5,111.3,115.43333333333334,113.55454545454545,20210102,96.5,97.1,-0.5999999999999943,97.9,98.1,-0.19999999999998866,91.2,96.7,-5.45,66.8,6.668220906039423,119.70402969043829,64.70953058321479,3.7880688344925773,125.96858883698852,31.08540934488197,125.96858883698852,3.7880688344925773,125.96858883698852,31.08540934488197,118.68058622121913,98.7,99.0,-0.3,68.1,96.5,97.1,-0.5999999999999943,97.9,98.1,-0.19999999999998866,28.098426184685913,115.65238983556549,0,78.50452586998671,104.60914479935776,-26.104618929371057,-39.48428945104988,95.48818884024207,97.86242639139358,-2.3742375511515093,-3.9480236852325614,2021-01-02,18.596033010338537,117.75142205427085,24.41374977686717,117.75142205427085,-42.55,-80.41999999999999,-37.87,-37.87,-42.54999999999999,1,0,0,1,0,1,1,0,1,0,1,0,0,1,1,0,1,0,0,1,1,0,0,1,1,0,0,1,-37.516666666666666,,-38.07,-40.21,-37.87,-1,-1.0,-1,-1,-1,-3,-3.0,0.0
13.0,5,-27.76666666666667,-26.844444444444452,-33.14380165289256,95.8,80.7,90.4,108.46666666666664,Tue 1-05 1-05,H,83 (Ⅲ),Dayton,"W, 55-54",58,94.9,54.4,24.2,93.2,47.6,29.3,-16.5,12.0,125.5,84.475,73.15,80.24444444444444,76.20082644628098,103.95,117.5,107.08888888888892,109.3446280991735,20210105,95.3,99.3,-4.0,104.7,96.7,8.0,90.8,98.5,-7.74,67.5,8.566165131701709,122.81842395831039,63.65931721194879,4.130914163464205,127.94087346385376,29.8142074398378,127.94087346385376,4.130914163464205,127.94087346385376,29.8142074398378,123.20270937353911,108.3,96.6,11.7,66.3,95.3,99.3,-4.0,104.7,96.7,8.0,29.251374583068316,121.41664900102829,0,80.29559786675088,112.97691829821484,-32.68132043146396,-30.905796815938192,102.90138894292637,97.96786526748149,4.933523675444889,1.4556522824949545,2021-01-05,20.998293363046137,126.68286393166917,19.08108530701123,126.68286393166917,12.74,-67.67999999999999,-52.05333333333333,-80.41999999999999,-15.626666666666665,1,0,1,0,1,0,0,1,0,1,0,1,1,0,0,1,0,1,1,0,0,1,0,1,0,1,0,1,-19.104444444444454,-20.02666666666667,-37.516666666666666,-22.560000000000002,-40.21,-1,-1.0,-1,-1,-1,-3,-3.0,-3.0
10.5,2,-13.566666666666668,-17.096296296296302,-26.681292261457553,79.5,83.50000000000001,77.1,97.06666666666666,Sat 1-09 1-09,A,107 (Ⅱ),Duquesne,"L, 48-45",61,73.7,31.4,24.6,78.6,39.4,22.9,-35.0,13.5,128.0,81.9875,84.475,79.99629629629631,76.8006761833208,90.525,103.95,97.0925925925926,103.4819684447783,20210109,95.7,99.5,-3.799999999999997,105.5,98.2,7.299999999999998,91.4,98.0,-6.69,66.6,12.567767724980726,124.73982578481595,65.46315789473684,11.121588374296564,133.782970985848,22.17078161075388,133.782970985848,11.121588374296564,133.782970985848,22.17078161075388,122.84363812648833,104.6,96.9,7.67,69.1,95.7,99.5,-3.799999999999997,105.5,98.2,7.299999999999998,22.223756122480687,122.54502206058288,0,84.09682922,100.92051359999999,-16.82368437999999,-14.52932434,92.16860171,95.66643027,-3.497828560000002,-6.015693776,2021-01-09,11.696432920015326,116.70473117469484,7.217967992655616,116.70473117469484,8.690000000000001,-58.989999999999995,-57.26222222222222,-67.67999999999999,-1.7277777777777743,1,0,1,0,1,0,0,1,0,1,0,1,1,0,0,1,0,1,1,0,1,0,1,0,1,0,1,0,-10.4062962962963,-6.876666666666668,-19.104444444444454,-14.747499999999999,-22.560000000000002,-1,-1.0,-1,-1,-1,-3,-3.0,-3.0
-1.0,0,2.633333333333335,-11.364197530864198,-21.811966395737997,101.4,92.23333333333336,101.3,89.60000000000002,Wed 1-13 1-13,H,31 (I),St. Bonaventure,"L, 68-54",60,89.4,47.1,18.2,112.6,49.1,16.6,-3.0,13.0,125.0,91.69375,81.9875,87.13086419753084,81.27328051362609,95.9125,90.525,98.49506172839509,103.08524690936407,20210113,94.2,97.9,-3.700000000000003,107.9,96.1,11.800000000000011,90.7,96.7,-5.98,65.4,7.755578206773976,120.44051533036756,63.44637268847796,6.263558284064551,127.49065812410959,17.187066205811735,127.49065812410959,6.263558284064551,127.49065812410959,17.187066205811735,110.4165081196032,108.0,95.7,12.29,68.2,94.2,97.9,-3.700000000000003,107.9,96.1,11.800000000000011,17.468679272206998,110.6079803245538,0,86.42233216887331,104.55969598203178,-18.137363813158473,-15.852909349170366,99.5579673706134,95.84320943546172,3.714757935151681,4.354321649876393,2021-01-13,10.443919896428689,121.36465909212163,11.146392769677952,121.36465909212163,5.98,-53.00999999999999,-57.83814814814815,-58.989999999999995,4.828148148148159,0,1,1,0,0,1,0,1,1,0,0,1,0,1,0,1,1,0,1,0,0,1,1,0,0,1,1,0,-5.384197530864197,8.613333333333335,-10.4062962962963,-10.601999999999999,-14.747499999999999,-1,-1.0,1,-1,-1,-1,-3.0,-3.0
-10.0,-35,-10.999999999999995,-19.40946502057613,-24.30069977833109,67.0,82.63333333333334,102.5,93.63333333333333,Sun 1-17 1-17,H,90 (Ⅲ),Massachusetts,"L, 65-46",65,70.4,39.2,24.5,99.5,42.4,13.8,-24.0,9.0,135.0,79.346875,91.69375,80.42057613168723,78.67813860205773,99.20625,95.9125,99.83004115226342,102.9788383803888,20210117,94.1,98.6,-4.5,109.0,102.2,6.799999999999998,90.9,97.7,-6.78,64.6,4.738500582462592,132.11995819998063,67.54054054054053,3.8776483130214814,140.71933710690155,12.150845572648421,140.71933710690155,3.8776483130214814,140.71933710690155,12.150845572648421,126.7634216900808,107.2,101.4,5.85,73.5,94.1,98.6,-4.5,109.0,102.2,6.799999999999998,12.416417854371769,129.4639715200612,0,86.09612091069106,102.75268078453593,-16.65655987384487,-15.601814355435724,105.90663274292612,100.557789941775,5.348842801151122,3.2482310961761374,2021-01-17,11.609988155199865,134.8004860560992,10.957098931753116,134.8004860560992,-28.22,-81.22999999999999,-56.22876543209877,-53.00999999999999,-25.00123456790122,0,1,1,0,0,1,0,1,1,0,0,1,0,1,0,1,1,0,1,0,1,0,1,0,1,0,1,0,-12.629465020576127,-4.219999999999994,-5.384197530864197,-13.53833333333333,-10.601999999999999,-1,-1.0,-1,-1,-1,-3,-1.0,-3.0
3.5,-5,-13.733333333333327,-14.872976680384088,-20.936936182270887,96.4,88.2666666666667,102.2,102.0,Wed 1-20 1-20,A,65 (I),Davidson,"L, 73-58",63,92.2,49.1,17.5,116.0,58.8,15.9,9.0,18.5,122.0,87.8734375,79.346875,85.74705075445817,81.90029521986541,100.703125,99.20625,100.62002743484229,102.83723140213628,20210120,92.3,99.4,-7.1000000000000085,112.6,100.2,12.399999999999993,89.6,97.7,-8.12,64.0,15.203040048215023,115.7447897534702,58.173541963015644,15.068569884832456,122.73808624041,19.036124860271478,122.73808624041,15.068569884832456,122.73808624041,19.036124860271478,110.97191757252325,112.6,99.7,12.87,63.9,92.3,99.4,-7.1000000000000085,112.6,100.2,12.399999999999993,21.44514902761242,110.9258847998483,0,86.18704790684531,103.00522406415442,-16.81817615730911,-15.408393109248472,106.90101296333799,99.65327405539685,7.247738907941141,4.054528198159548,2021-01-20,17.79353350008062,117.78361374230948,12.85866063379948,117.78361374230948,3.119999999999999,-78.10999999999999,-64.56251028806585,-81.22999999999999,-13.547489711934134,1,0,0,1,1,0,1,0,0,1,1,0,1,0,1,0,0,1,0,1,1,0,0,1,1,0,0,1,-6.752976680384089,-5.613333333333328,-12.629465020576127,-11.158571428571427,-13.53833333333333,-1,-1.0,-1,-1,-1,-3,-3.0,-1.0
6.0,-1,-14.133333333333335,-10.281984453589397,-17.33022051276709,75.8,79.73333333333336,76.9,93.86666666666666,Sun 1-24 1-24,A,110 (Ⅱ),Rhode Island,"L, 52-42",62,67.4,35.7,17.7,83.5,41.7,25.7,-30.5,16.0,124.5,81.83671874999997,87.8734375,82.43136716963879,80.79115063443533,88.8015625,100.703125,92.7133516232282,98.12137114720241,20210124,92.4,99.9,-7.5,105.2,94.5,10.700000000000003,89.9,98.2,-8.26,64.3,16.523135335122646,121.72539271412006,64.48293029871977,15.326030529928452,127.63946209769134,15.377359198576526,127.63946209769134,15.326030529928452,127.63946209769134,15.377359198576526,121.56165023641115,106.7,93.8,12.89,70.5,92.4,99.9,-7.5,105.2,94.5,10.700000000000003,19.325144045089775,117.79677579740712,0,88.54989135820091,100.18643601282088,-11.636544654619968,-10.377279617400925,103.05827332069407,92.3635577012015,10.69471561949257,11.538226623753516,2021-01-24,17.62813649211838,122.82834547155693,15.947763239544116,122.82834547155693,7.26,-70.84999999999998,-69.0783401920439,-78.10999999999999,-1.771659807956084,0,1,1,0,1,0,0,1,1,0,0,1,1,0,0,1,1,0,1,0,0,1,1,0,1,0,1,0,-2.021984453589397,-5.873333333333335,-6.752976680384089,-8.85625,-11.158571428571427,-1,-1.0,-1,-1,-1,-3,-3.0,-3.0
-17.5,-33,-13.300000000000002,-17.854656302392932,-20.17927132862762,92.2,88.13333333333338,125.2,101.43333333333332,Wed 1-27 1-27,H,107 (Ⅲ),Duquesne,"L, 86-62",70,88.8,43.9,18.6,123.2,60.9,20.1,26.5,6.5,121.5,87.01835937499997,81.83671874999997,85.68757811309254,82.86548688271981,107.00078125,88.8015625,103.54223441548548,103.04475821134744,20210127,91.0,98.4,-7.400000000000006,100.4,97.1,3.300000000000012,89.0,97.0,-8.02,63.7,4.778461780508131,112.99343514851839,61.706543385490754,3.2926558900437897,118.47462736881464,2.112017306476299,118.47462736881464,3.2926558900437897,118.47462736881464,2.112017306476299,100.92384223499573,101.7,96.3,5.45,68.1,91.0,98.4,-7.400000000000006,100.4,97.1,3.300000000000012,6.933159599099522,106.99941379434429,0,88.53384442560663,100.0847192327166,-11.550874807109963,-10.397206165364613,90.54821520758254,94.8630461247585,-4.314830917175954,-2.2388094911364607,2021-01-27,1.1100933864110587,110.58895545422627,3.415642847315141,110.58895545422627,-24.98,-95.82999999999998,-69.66889346136259,-70.84999999999998,-26.161106538637398,0,1,0,1,0,1,0,1,0,1,0,1,0,1,0,1,0,1,0,1,0,1,0,1,0,1,0,1,-9.834656302392933,-5.280000000000003,-2.021984453589397,-10.647777777777776,-8.85625,-1,-1.0,-1,-1,-1,-3,-3.0,-3.0
4.0,-3,-12.533333333333335,-13.069770868261955,-17.146676541604418,83.7,83.90000000000002,87.2,96.43333333333332,Wed 2-03 2-03,A,90 (Ⅱ),Massachusetts,"L, 60-54",67,80.8,49.0,25.4,89.8,42.1,19.5,-17.0,10.0,131.0,85.35917968749997,87.01835937499997,85.02505207539501,83.01721654040709,97.100390625,107.00078125,98.09482294365698,100.16389308201151,20210203,90.9,100.2,-9.299999999999997,107.8,99.4,8.399999999999991,89.3,98.5,-9.25,64.0,13.562344487215547,128.29656580070258,66.275960170697,15.774007145406514,135.12769642066314,21.806412737231398,135.12769642066314,15.774007145406514,135.12769642066314,21.806412737231398,121.04954773553295,106.2,100.2,6.06,72.8,90.9,100.2,-9.299999999999997,107.8,99.4,8.399999999999991,21.096552525504762,124.77115597293684,0,90.92033669407571,102.92305063805736,-12.002713943981647,-9.987158892915762,106.20597675127271,100.25013468687105,5.955842064401665,3.7734492445838033,2021-02-03,16.154608815942204,136.55602085703282,10.918047312991291,136.55602085703282,6.25,-89.57999999999998,-78.38926230757505,-95.82999999999998,-11.190737692424932,0,1,1,0,0,1,0,1,0,1,0,1,0,1,0,1,0,1,1,0,0,1,0,1,0,1,0,1,-3.819770868261955,-3.283333333333335,-9.834656302392933,-8.958,-10.647777777777776,-1,-1.0,-1,-1,-1,-3,-3.0,-3.0
13.5,7,-9.533333333333337,-6.079847245507975,-12.592735352221794,109.8,95.23333333333336,101.9,104.76666666666664,Sat 2-06 2-06,H,196 (Ⅳ),La Salle,"W, 76-68",67,113.8,59.4,25.4,101.8,54.6,22.5,18.0,5.5,126.0,97.57958984375,85.35917968749997,93.28336805026336,87.88681353306036,99.5001953125,97.100390625,99.36321529577131,100.47954888528216,20210206,90.2,99.6,-9.399999999999991,101.2,101.2,0.0,88.7,97.6,-8.9,63.7,2.2503430609192066,116.53321142339438,62.15960170697013,2.6407528408039056,122.47709745222622,11.865912499523859,122.47709745222622,2.6407528408039056,122.47709745222622,11.865912499523859,120.36125530184843,101.2,101.3,-0.1,68.6,90.2,99.6,-9.399999999999991,101.2,101.2,0.0,7.475979498488166,116.55883419974094,0,91.10505573551936,103.25520715066324,-12.150151415143881,-9.979816030235444,97.32498785089264,97.87592738815428,-0.550939537261641,2.3816592830241383,2021-02-06,3.8399068066935627,120.90296656655846,6.009496747628347,120.90296656655846,15.9,-73.67999999999998,-82.11950820505004,-89.57999999999998,8.43950820505006,1,0,0,1,1,0,0,1,0,1,0,1,1,0,0,1,0,1,0,1,1,0,0,1,0,1,0,1,2.8201527544920255,-0.6333333333333364,-3.819770868261955,-6.6981818181818165,-8.958,1,-1.0,1,-1,-1,1,-3.0,-3.0
-22.5,-26,-7.433333333333337,-12.953231497005318,-15.157692560908744,75.2,89.56666666666668,101.9,97.0,Wed 2-10 2-10,A,127 (Ⅱ),George Mason,"L, 77-45",70,64.1,35.2,22.8,109.8,60.2,15.7,-3.0,9.5,125.0,86.389794921875,97.57958984375,87.25557870017558,85.58012016341301,100.70009765625,99.5001953125,100.2088101971809,100.73781272432177,20210210,91.5,100.3,-8.8,100.0,99.4,0.6,90.2,98.4,-8.22,64.0,8.949981297856517,115.70345868536413,61.54196301564722,9.297902864718793,121.10924734712381,6.8598675960981605,121.10924734712381,9.297902864718793,121.10924734712381,6.8598675960981605,120.24404546891958,100.6,99.4,1.21,67.6,91.5,100.3,-8.8,100.0,99.4,0.6,11.375581100779003,114.21788139556654,0,91.12252690653523,103.28022352229715,-12.157696615761921,-10.05381245229838,94.02548801768907,96.33128600400127,-2.3057979863122,-2.1239477441302936,2021-02-10,9.173410641063533,117.08584852031731,6.498447312862716,117.08584852031731,-17.78,-91.45999999999998,-79.30633880336669,-73.67999999999998,-12.153661196633294,0,1,1,0,0,1,1,0,0,1,1,0,0,1,1,0,0,1,1,0,0,1,1,0,0,1,1,0,-4.733231497005317,0.7866666666666635,2.8201527544920255,-7.621666666666666,-6.6981818181818165,-1,1.0,-1,-1,-1,-3,1.0,-3.0
-10.5,-37,-18.633333333333336,-21.002154331336875,-19.14720300437988,69.5,84.83333333333336,106.6,103.46666666666664,Sat 2-13 2-13,H,46 (Ⅱ),Saint Louis,"L, 68-40",60,66.5,29.8,15.0,113.1,47.7,15.0,-19.0,17.5,127.0,77.9448974609375,86.389794921875,81.33705246678372,82.65646195188337,103.650048828125,100.70009765625,102.3392067981206,101.80366495626323,20210213,89.6,100.9,-11.300000000000011,109.8,95.1,14.700000000000005,89.0,98.7,-9.73,64.5,12.529883542646552,121.5613936919492,63.49075391180655,13.095332402819821,127.28014946541194,9.358857620966234,127.28014946541194,13.095332402819821,127.28014946541194,9.358857620966234,117.83208069617771,110.6,94.3,16.34,69.2,89.6,100.9,-11.300000000000011,109.8,95.1,14.700000000000005,11.672922572299338,117.93279880732885,0,90.83749645293356,103.09965678675476,-12.2621603338212,-10.05577557454605,110.96799167378948,91.72158821036275,19.24640346342673,25.480433791325513,2021-02-13,16.656033281494565,128.30547511554445,20.647360883477134,128.30547511554445,-27.27,-118.72999999999998,-83.35755920224446,-91.45999999999998,-35.372440797755516,0,1,1,0,0,1,0,1,0,1,0,1,0,1,0,1,0,1,1,0,0,1,0,1,1,0,0,1,-11.272154331336875,-8.903333333333336,-4.733231497005317,-9.13307692307692,-7.621666666666666,-1,-1.0,-1,-1,-1,-3,-3.0,1.0
3.0,-12,-25.266666666666666,-18.00143622089125,-17.847711549038078,76.2,73.63333333333334,88.2,98.89999999999998,Wed 3-03 3-03,N,209 (Ⅳ),George Washington,"L, 53-49",61,79.9,45.1,17.9,86.5,43.4,14.7,-24.5,7.0,126.5,77.07244873046875,77.9448974609375,79.62470164452246,81.48255977881367,95.9250244140625,103.650048828125,97.62613786541374,99.33027132785172,20210303,98.7,95.6,3.1000000000000085,100.1,105.0,-4.900000000000006,88.3,99.4,-11.12,64.6,4.824596068307123,124.361647761194,63.221621621621615,-5.152443210972166,129.35985045582893,7.005392615714944,129.35985045582893,-5.152443210972166,129.35985045582893,7.005392615714944,122.10296478030172,103.3,107.6,-4.26,68.8,98.7,95.6,3.1000000000000085,100.1,105.0,-4.900000000000006,6.753087327797769,121.5264676475611,0,93.85457689,100.91022840000001,-7.055651510000004,-6.729030314,104.21717159999999,106.20589220000001,-1.988720600000022,-1.442741129,2021-03-03,3.560708001790431,132.93845806968307,3.342077746365412,132.93845806968307,-0.8800000000000008,-119.60999999999997,-95.1483728014963,-118.72999999999998,-24.461627198503678,1,0,1,0,1,0,0,1,0,1,0,1,1,0,0,1,0,1,1,0,1,0,0,1,1,0,0,1,-6.881436220891251,-14.146666666666667,-11.272154331336875,-8.543571428571427,-9.13307692307692,-1,-1.0,-1,-1,-1,-3,-3.0,-3.0
