ATS,EMRating,EMRating3GameEMA,EMRating5GameExpMA,EMRating10GameExpMA,AdjO,AdjO3GameEMA,AdjD,AdjD3GameEMA,Date,HomeAway,Op Rank,Opponent,Result,Pace,PPP,EFG%,TO%,PPP1,EFG%1,TO%1,OverUnder,ATSVegas,OverUnderVegas,AdjO3ExpMA,AdjO3ExpMAS,AdjO5ExpMA,AdjO10ExpMA,AdjD3ExpMA,AdjD3ExpMAS,AdjD5ExpMA,AdjD10ExpMA,DateNew,AdjOECurrent,AdjDECurrent,AdjEMCurrent,AdjOECurrentOpp,AdjDECurrentOpp,AdjEMCurrentOpp,PomAdjOECurrent,PomAdjDECurrent,PomAdjEMCurrent,PomAdjTCurrent,PomSpread,PomTotal,PomTempo,TRankSpread,TRankTotal,B3GSpread,B3GTotal,TRankLast10Spread,TRankLast10Total,MC5Spread,MC5Total,PomAdjOECurrentOpp,PomAdjDECurrentOpp,PomAdjEMCurrentOpp,PomAdjTCurrentOpp,AdjOELast10,AdjDELast10,AdjEMLast10,AdjOEOppLast10,AdjDEOppLast10,AdjEMOppLast10,MC10Spread,MC10Total,MC10Edge,AdjOE_MG,AdjDE_MG,AdjEM_MG,Adj_Margin_EM_MG,AdjOE_MG_Opp,AdjDE_MG_Opp,AdjEM_MG_Opp,Adj_Margin_EM_MG_Opp,Dates,MG_Spread,MG_Total,MG_Rank_Score_Dif,MG_Rank_Total,GameDifRating,DifCumSum,DifCumSumEMA,DifCumSumShifted,DifOverplayingandEMA,PomSpreadWinATS,PomSpreadLossATS,PomTotalWinTotal,PomTotalLossTotal,TRankSpreadWinATS,TRankSpreadLossATS,TRankTotalWinTotal,TRankTotalLossTotal,B3GSpreadWinATS,B3GSpreadLossATS,B3GTotalWinTotal,B3GTotalLossTotal,TRankLast10SpreadWinATS,TRankLast10SpreadLossATS,TRankLast10TotalWinTotal,TRankLast10TotalLossTotal,MC5SpreadWinATS,MC5SpreadLossATS,MC5TotalWinTotal,MC5TotalLossTotal,MG_SpreadWinATS,MG_SpreadLossATS,MG_TotalWinTotal,MG_TotalLossTotal,MG_Rank_Score_DifWinATS,MG_Rank_Score_DifLossATS,MG_Rank_TotalWinTotal,MG_Rank_TotalLossTotal,PlayingOverRating,PlayingOverRating3,PlayingOverRatingShift,RollingMeanDiffEM,RollingMeanDiffEMShift,PlayingOverPomeroyTrue,PlayingOverPomeroyShiftTrue,PlayingOverDailyTrue,RollingMeanDiffEMTrue,RollingMeanDiffEMShiftTrue,SignalSum,SignalSumShift,SignalSumShiftAfterGame
-2.0,0,,-0.7999999999999972,-0.7999999999999972,105.4,0.0,106.2,0.0,Mon 11-30 11-30,A,48 (I),Seton Hall,"L, 86-64",70,91.3,52.8,31.4,122.7,61.2,21.4,8.5,20.0,141.5,105.4,0.0,105.4,105.4,106.2,0.0,106.2,106.2,20201130,97.0,105.6,-8.599999999999994,106.3,92.8,13.5,95.8,104.1,-8.25,72.4,21.945031572326528,149.72380349770702,75.18065433854908,21.429868984705237,155.84431005641886,12.876019345242423,155.84431005641886,21.429868984705237,155.84431005641886,12.876019345242423,158.8251203896554,107.2,91.7,15.53,73.0,97.0,105.6,-8.599999999999994,106.3,92.8,13.5,12.876019345242423,158.8251203896554,0,0.0,0.0,0.0,0.0,96.89677369882891,94.0485925632954,2.8481811355335083,-0.03783101675915074,2020-11-30,-0.0,0.0,,0.0,8.25,8.25,0.0,0.0,8.25,1,0,1,0,1,0,1,0,0,1,1,0,1,0,1,0,0,1,1,0,0,1,0,1,0,1,0,1,7.450000000000003,,0.0,8.25,0.0,1,0.0,1,1,1,3,0.0,0.0
16.5,11,,3.133333333333335,1.3454545454545477,105.5,0.0,94.5,0.0,Sat 12-05 12-05,A,171 (Ⅲ),Hofstra,"W, 82-74",75,109.7,50.8,17.4,99.0,47.1,16.0,8.0,8.5,148.0,105.45,105.4,105.43333333333334,105.41818181818182,100.35,106.2,102.3,104.07272727272728,20201205,97.0,105.2,-8.200000000000003,97.0,99.3,-2.299999999999997,95.4,104.0,-8.55,71.7,11.240294303211428,144.00395598732496,73.02588904694167,8.419578244954252,148.23333235239062,2.911174620202404,148.23333235239062,8.419578244954252,148.23333235239062,2.911174620202404,134.91974016339321,99.9,98.5,1.33,71.6,97.0,105.2,-8.200000000000003,97.0,99.3,-2.299999999999997,2.8453794518998663,134.8673770285562,0,97.62313777742557,104.5145053422923,-6.8913675648667265,-5.754807305029575,87.62946110153518,90.34665775433054,-2.7171966527953515,-2.3993125216541875,2020-12-05,6.286417043344699,134.31111734930747,4.411740131834549,134.31111734930747,19.55,27.8,8.25,8.25,19.55,0,1,0,1,1,0,1,0,1,0,1,0,1,0,1,0,1,0,0,1,1,0,0,1,1,0,0,1,11.683333333333335,,7.450000000000003,13.9,8.25,1,1.0,1,1,1,3,3.0,0.0
-19.0,-24,-4.666666666666667,-5.977777777777777,-3.299173553719007,97.7,102.86666666666667,121.9,107.53333333333336,Tue 12-08 12-08,H,222 (Ⅳ),Morgan St.,"L, 83-72",70,103.2,51.7,25.8,119.0,58.7,20.1,3.5,-8.0,151.5,101.575,105.45,102.85555555555555,104.01487603305785,111.125,100.35,108.83333333333334,107.31404958677686,20201208,97.9,104.8,-6.899999999999992,90.5,103.9,-13.400000000000004,96.5,103.4,-6.93,72.3,-10.597140714748733,142.3904290290978,74.35689900426743,-9.405335966116965,149.51752174751311,-19.628208852533756,149.51752174751311,-9.405335966116965,149.51752174751311,-19.628208852533756,138.4044668491435,88.6,104.2,-15.53,72.3,97.9,104.8,-6.899999999999992,90.5,103.9,-13.400000000000004,-19.62039845956388,138.4105088468162,0,105.21739349661121,102.99722763828095,2.2201658583302617,-0.8932956461831929,87.24831077875645,99.46083311630056,-12.212522337544115,-9.823703664879217,2020-12-08,-15.374730833973274,148.12903438535847,-8.610804046294078,148.12903438535847,-17.07,10.73,14.766666666666666,27.8,-4.036666666666665,0,1,0,1,0,1,0,1,0,1,0,1,0,1,0,1,0,1,0,1,0,1,0,1,0,1,0,1,0.9522222222222227,2.2633333333333328,11.683333333333335,3.576666666666667,13.9,1,1.0,-1,1,1,1,3.0,3.0
24.0,24,3.633333333333335,4.048148148148152,1.6824943651389963,95.2,99.46666666666664,71.1,95.83333333333336,Fri 12-11 12-11,A,292 (Ⅳ),Fairfield,"W, 70-42",67,104.6,51.6,14.9,62.7,31.4,28.4,-21.0,-4.0,133.0,98.3875,101.575,100.30370370370373,102.41217129977458,91.1125,111.125,96.25555555555556,100.7296769346356,20201211,98.0,106.7,-8.700000000000003,90.6,99.7,-9.100000000000009,96.8,105.5,-8.68,71.9,1.9424058301478766,135.5633091800952,71.49089615931723,3.2222873782368993,142.14477168534722,-1.5898265066265094,142.14477168534722,3.2222873782368993,142.14477168534722,-1.5898265066265094,142.60317097652572,89.1,99.8,-10.73,69.9,98.0,106.7,-8.700000000000003,90.6,99.7,-9.100000000000009,-1.7626116917711308,142.59374070124227,0,102.69798408605018,111.260635530127,-8.56265144407682,-15.4191009794948,90.3212532324215,106.36604748746859,-16.044794255047094,-9.638067803532502,2020-12-11,-2.1009781455425838,153.21503969192423,5.88386719401182,153.21503969192423,32.68,43.41,13.421111111111111,10.73,29.988888888888887,0,1,0,1,0,1,0,1,0,1,0,1,0,1,0,1,0,1,0,1,0,1,0,1,0,1,0,1,12.72814814814815,12.313333333333334,0.9522222222222227,10.8525,3.576666666666667,1,1.0,1,1,1,3,1.0,3.0
-22.5,-33,-11.166666666666664,-8.434567901234562,-4.696140973977184,72.7,88.53333333333332,106.1,99.7,Sat 12-12 12-12,A,292 (Ⅳ),Fairfield,"L, 67-52",67,77.3,35.5,25.3,99.6,47.2,20.8,-12.0,-7.5,131.0,85.54375,98.3875,91.1024691358025,97.0099583361792,98.60625,91.1125,99.53703703703705,101.7060993101564,20201212,98.2,106.6,-8.399999999999991,90.7,99.7,-9.0,96.8,105.5,-8.68,71.8,1.9369293217615393,135.18109574761723,71.28933143669985,3.0840776630920033,141.90827459718645,-9.375115305785833,141.90827459718645,3.0840776630920033,141.90827459718645,-9.375115305785833,131.42272371751247,89.1,99.8,-10.73,69.8,98.2,106.6,-8.399999999999991,90.7,99.7,-9.0,-9.358294053114152,131.30558831192036,0,103.58863081338379,102.45971739079486,1.1289134225889228,-10.340906465808443,83.04409289923926,106.44445178484337,-23.400358885604106,-20.522038058028414,2020-12-12,-14.375437273686742,141.9730365009963,-5.5699871799347775,141.9730365009963,-24.32,19.089999999999996,23.41740740740741,43.41,-4.327407407407414,1,0,0,1,1,0,0,1,0,1,0,1,1,0,0,1,0,1,0,1,0,1,0,1,1,0,0,1,0.2454320987654377,-2.4866666666666646,12.72814814814815,3.8179999999999996,10.8525,1,1.0,-1,1,1,1,3.0,1.0
12.5,13,1.5000000000000049,-1.02304526748971,-1.3332062514358771,99.6,89.16666666666664,85.8,87.66666666666669,Fri 12-18 12-18,A,282 (Ⅳ),Rider,"W, 70-56",66,106.2,50.0,15.2,85.0,46.0,24.3,-19.5,-1.5,145.5,92.571875,85.54375,93.93497942386831,97.48087500232843,92.203125,98.60625,94.95802469135805,98.8140812537643,20201218,97.1,104.8,-7.700000000000002,95.6,105.4,-9.800000000000011,96.7,104.2,-7.49,70.4,3.4357343072451414,144.2321868852216,71.4014224751067,2.5678660870979257,147.90683704463368,3.267900372461758,147.90683704463368,2.5678660870979257,147.90683704463368,3.267900372461758,151.15615980044188,97.0,105.4,-8.38,71.3,97.1,104.8,-7.700000000000002,95.6,105.4,-9.800000000000011,3.2721802730811107,150.8948118674242,0,99.19932923413643,102.1774023913088,-2.978073157172375,-9.431095352283425,105.8675426508764,105.05254198130316,0.8150006695732372,0.3695578613537018,2020-12-18,7.2370296068866935,155.2287917252833,8.906464702359216,155.2287917252833,20.490000000000002,39.58,21.97493827160494,19.089999999999996,17.605061728395057,0,1,1,0,0,1,0,1,0,1,0,1,0,1,0,1,0,1,0,1,0,1,0,1,0,1,0,1,6.46695473251029,8.990000000000006,0.2454320987654377,6.596666666666666,3.8179999999999996,1,1.0,1,1,1,3,1.0,3.0
4.0,1,-6.033333333333331,-0.1820301783264735,-0.8180778420838994,100.9,91.06666666666666,99.4,97.09999999999998,Sat 12-19 12-19,A,282 (Ⅳ),Rider,"W, 72-64",66,109.0,64.0,19.7,96.9,39.4,15.1,-6.5,-4.0,142.5,96.7359375,92.571875,96.25665294924556,98.10253409281415,95.8015625,92.203125,96.43868312757203,98.92061193489808,20201219,97.3,104.9,-7.600000000000008,95.7,105.5,-9.799999999999997,96.6,104.0,-7.45,70.5,3.3530772954207606,143.93644795359018,71.50284495021337,2.50311854712524,148.48105245916432,-1.6020573833562546,148.48105245916432,2.50311854712524,148.48105245916432,-1.6020573833562546,143.05570912452367,96.8,105.2,-8.44,71.3,97.3,104.9,-7.600000000000008,95.7,105.5,-9.799999999999997,-1.798210897004207,146.00205083357022,0,99.07988845150963,97.22284245441294,1.8570459970966908,-5.477617962457233,99.95560198059731,106.74509702452808,-6.789495043930771,-8.280236686791874,2020-12-19,-2.1228317328747295,148.27977312631447,-0.13959406709729194,148.27977312631447,8.45,48.03,27.843292181069963,39.58,20.18670781893004,0,1,0,1,0,1,0,1,0,1,0,1,0,1,0,1,0,1,0,1,0,1,0,1,0,1,0,1,7.2679698216735265,1.4166666666666687,6.46695473251029,6.861428571428572,6.596666666666666,1,1.0,1,1,1,3,3.0,1.0
7.0,7,7.533333333333331,2.311979881115683,0.6579363110222636,114.2,104.9,106.9,97.36666666666665,Wed 12-23 12-23,H,269 (Ⅳ),Coppin St.,"W, 85-65",72,118.6,50.0,16.7,90.7,55.2,19.5,5.0,-13.0,145.0,105.46796875,96.7359375,102.23776863283037,101.02934607593886,101.35078125,95.8015625,99.92578875171469,100.37140976491659,20201223,98.2,103.6,-5.399999999999992,87.5,99.1,-11.599999999999996,97.7,103.4,-5.66,69.3,-11.211465006016013,144.27067638112874,76.1018492176387,-9.271629969009297,146.24838986334817,-9.28866463908036,146.24838986334817,-9.271629969009297,146.24838986334817,-9.28866463908036,127.85643326710905,87.4,102.2,-14.84,77.2,98.2,103.6,-5.399999999999992,87.5,99.1,-11.599999999999996,-10.528347069686832,132.2316124555758,0,99.76355252669657,95.34334837955707,4.420204147139501,-1.8440894054140773,89.98244954800683,97.418517448572,-7.4360679005651775,-2.672633554233804,2020-12-23,-12.839462021663024,142.47596049604564,-2.713266861181623,142.47596049604564,12.66,60.69,34.57219478737997,48.03,26.117805212620027,0,1,0,1,0,1,1,0,0,1,1,0,0,1,1,0,0,1,0,1,0,1,0,1,0,1,0,1,7.971979881115683,13.193333333333332,7.2679698216735265,7.58625,6.861428571428572,1,1.0,1,1,1,3,3.0,3.0
12.5,13,7.433333333333333,6.0413199207437875,2.992856981745488,114.6,109.89999999999998,101.1,102.46666666666664,Fri 2-12 2-12,H,283 (Ⅳ),Manhattan,"W, 85-67",74,114.9,59.6,27.0,90.6,41.2,21.6,24.5,-5.5,127.5,110.033984375,105.46796875,106.35851242188691,103.49673769849542,101.225390625,101.35078125,100.31719250114313,100.50388071674992,20210212,99.2,104.0,-4.799999999999997,89.0,98.7,-9.700000000000003,99.3,104.0,-4.69,66.1,-8.07824828310303,118.58445575873728,62.33897581792318,-6.840174129155024,122.05682660909747,-11.155380771533851,122.05682660909747,-6.840174129155024,122.05682660909747,-11.155380771533851,110.94057449152226,88.1,100.0,-11.91,66.3,99.2,104.0,-4.799999999999997,89.0,98.7,-9.700000000000003,-8.269732481163315,111.88512996792211,0,99.54608308210086,95.70136251943045,3.8447205626704175,-0.6288220439338097,87.25034704707078,95.68445880467311,-8.434111757602338,-10.893859082093144,2021-02-12,-10.728066643910466,114.66674522049288,-8.044046580210619,114.66674522049288,17.69,78.38,43.27812985825331,60.69,35.10187014174669,1,0,0,1,1,0,0,1,1,0,0,1,1,0,0,1,1,0,0,1,1,0,0,1,1,0,0,1,10.731319920743788,12.123333333333333,7.971979881115683,8.708888888888888,7.58625,1,1.0,1,1,1,3,3.0,3.0
-14.5,-28,-2.666666666666662,-5.5724533861708005,-2.7876624694809617,100.4,109.7333333333333,129.2,112.39999999999998,Sat 2-13 2-13,H,283 (Ⅳ),Manhattan,"L, 77-70",68,102.9,49.0,22.1,113.2,51.9,20.6,17.0,-7.5,130.0,105.2169921875,110.033984375,104.37234161459128,102.93369448058716,115.2126953125,101.225390625,109.94479500076208,105.72135695006813,20210213,98.8,100.3,-1.5,88.7,98.6,-9.899999999999991,99.2,103.9,-4.7,66.0,-8.04324341493686,118.10991147899745,62.15078236130868,-8.726470843119337,119.14558887131261,-13.473370642205767,119.14558887131261,-8.726470843119337,119.14558887131261,-13.473370642205767,118.00573770386652,88.1,100.0,-11.92,66.2,98.8,100.3,-1.5,88.7,98.6,-9.899999999999991,-9.808155537417258,112.40990908273133,0,100.78018235950226,97.51589073496577,3.2642916245364972,0.7771481241242859,88.38464410136648,96.63377224488676,-8.24912814352028,-9.308478526231207,2021-02-13,-10.430702269300276,117.40314931189033,-7.934285735082909,117.40314931189033,-23.3,55.08,54.97875323883554,78.38,0.10124676116446096,0,1,0,1,0,1,0,1,0,1,0,1,0,1,0,1,0,1,0,1,0,1,0,1,0,1,0,1,-0.8724533861708004,2.033333333333338,10.731319920743788,5.507999999999999,8.708888888888888,-1,1.0,1,1,1,1,3.0,3.0
-10.5,-11,-8.86666666666666,-7.4816355907805345,-4.3353602023026045,100.7,105.2333333333333,112.0,114.09999999999998,Wed 2-17 2-17,A,257 (Ⅳ),Quinnipiac,"L, 74-70",72,96.8,52.5,20.7,102.3,50.9,16.6,2.0,-6.5,142.0,102.95849609375,105.2169921875,103.14822774306087,102.52756821138948,113.60634765625,115.2126953125,110.6298633338414,106.86292841369207,20210217,102.0,104.7,-2.700000000000003,91.4,99.9,-8.5,100.9,105.9,-4.95,67.1,-0.40601242644407876,135.44287170423928,67.95903271692745,-0.4669429430018113,137.4530479765696,-3.744730523049002,137.4530479765696,-0.4669429430018113,137.4530479765696,-3.744730523049002,147.06720267755682,91.7,102.4,-10.71,71.2,102.0,104.7,-2.700000000000003,91.4,99.9,-8.5,-2.0778598670602837,129.64339886083934,0,101.66863120143191,101.63435909141495,0.03427211001695696,-3.3397627840458237,89.836979232669,98.05241082493895,-8.215431592269951,-8.377694366908715,2021-02-17,-2.1141710926268047,132.81529833541896,-1.6323596441235821,132.81529833541896,-6.05,49.03,55.01250215922369,55.08,-5.982502159223692,1,0,0,1,1,0,0,1,1,0,0,1,1,0,0,1,1,0,1,0,1,0,0,1,1,0,0,1,-2.5316355907805344,-3.91666666666666,-0.8724533861708004,4.457272727272727,5.507999999999999,-1,-1.0,-1,1,1,-1,1.0,3.0
3.0,9,-10.133333333333326,-1.7544237271870218,-1.7834765291566756,105.9,102.3333333333333,96.2,112.46666666666664,Fri 2-19 2-19,H,204 (Ⅳ),Monmouth,"W, 91-86",88,103.5,62.5,30.7,97.8,42.5,17.1,24.0,-2.0,153.0,104.429248046875,102.95849609375,104.0654851620406,103.14073762750047,104.903173828125,113.60634765625,105.8199088892276,104.92421415665716,20210219,102.4,106.0,-3.5999999999999943,103.3,103.7,-0.4000000000000057,101.0,106.3,-5.33,67.4,-0.7391296728921475,152.30156550289493,71.61849217638692,-1.9993330592447336,157.9584863562281,-3.8023281279665904,157.9584863562281,-1.9993330592447336,157.9584863562281,-3.8023281279665904,154.49490029840265,102.9,103.4,-0.53,74.7,102.4,106.0,-3.5999999999999943,103.3,103.7,-0.4000000000000057,-2.9462690271328635,144.9249677985958,0,101.51465340765013,101.9879404436706,-0.47328703602046573,-2.623124712791914,100.55250656608196,101.03520566742584,-0.48269910134388283,3.235675894819801,2021-02-19,-4.2174138760466775,150.28249517366334,2.1845250749684055,150.28249517366334,14.33,63.36,53.0183347728158,49.03,10.341665227184201,0,1,0,1,0,1,1,0,1,0,1,0,0,1,1,0,1,0,1,0,1,0,0,1,0,1,0,1,3.5755762728129783,-4.803333333333326,-2.5316355907805344,5.28,4.457272727272727,1,-1.0,1,1,1,3,-1.0,1.0
21.5,19,5.86666666666667,5.230384181875318,2.0317010215990843,115.2,107.26666666666661,96.0,101.4,Sat 2-20 2-20,H,204 (Ⅳ),Monmouth,"W, 88-65",73,121.1,55.8,23.4,89.5,40.7,17.9,-2.5,-1.5,155.5,109.8146240234375,104.429248046875,107.77699010802706,105.33333078613674,100.4515869140625,104.903173828125,102.54660592615173,103.3016297645377,20210220,102.4,106.1,-3.6999999999999886,103.3,103.8,-0.5,101.2,106.5,-5.33,67.3,-0.7456957270346436,152.25595758713726,71.32076813655762,-1.9947927019937168,157.46976043785037,-7.418147852277517,157.46976043785037,-1.9947927019937168,157.46976043785037,-7.418147852277517,154.9932093673345,103.1,103.6,-0.52,74.5,102.4,106.1,-3.6999999999999886,103.3,103.8,-0.5,-4.084077217677489,144.02483803265724,0,101.09174781644421,101.51215620382115,-0.42040838737693775,-2.397556504188456,100.33474508768886,100.7049642507678,-0.37021916307894287,3.5174151448349478,2021-02-20,-4.125525744128538,148.60766862157064,2.21044002233576,148.60766862157064,24.33,87.69,56.46555651521054,63.36,31.22444348478946,0,1,1,0,1,0,0,1,1,0,0,1,1,0,0,1,1,0,1,0,1,0,1,0,0,1,1,0,10.560384181875317,11.196666666666669,3.5755762728129783,6.745384615384615,5.28,1,1.0,1,1,1,3,3.0,-1.0
17.5,17,15.566666666666668,9.420256121250214,4.898664472217432,99.6,106.89999999999996,81.8,91.33333333333331,Tue 3-09 3-09,N,257 (Ⅳ),Quinnipiac,"W, 72-48",70,102.5,49.2,21.3,68.3,34.2,17.1,-25.0,-6.5,145.0,104.70731201171877,109.8146240234375,105.05132673868471,104.29090700683916,91.12579345703124,100.4515869140625,95.6310706174345,99.39224253462172,20210309,97.2,108.7,-11.5,95.5,108.9,-13.400000000000004,101.8,104.7,-2.95,68.8,-4.453301696354643,138.9466085628755,70.8551920341394,-1.4805189919534598,151.98774689794274,-2.8478246392209714,151.98774689794274,-1.4805189919534598,151.98774689794274,-2.8478246392209714,146.1021639569069,91.1,99.9,-8.86,72.4,97.2,108.7,-11.5,95.5,108.9,-13.400000000000004,-5.497008763950834,141.3863416660357,0,101.79694394644413,100.25727829538856,1.5396656510555715,0.9351183025833664,91.61240577731935,98.46255846423179,-6.850152686912438,-2.715029070617897,2021-03-09,-6.077624220295064,139.24401824161532,-2.5863189308108474,139.24401824161532,19.95,107.64,66.87370434347369,87.69,40.76629565652631,0,1,1,0,0,1,0,1,0,1,0,1,0,1,0,1,0,1,0,1,0,1,1,0,0,1,1,0,12.370256121250215,18.51666666666667,10.560384181875317,7.688571428571429,6.745384615384615,1,1.0,1,1,1,3,3.0,3.0
