ATS,EMRating,EMRating3GameEMA,EMRating5GameExpMA,EMRating10GameExpMA,AdjO,AdjO3GameEMA,AdjD,AdjD3GameEMA,Date,HomeAway,Op Rank,Opponent,Result,Pace,PPP,EFG%,TO%,PPP1,EFG%1,TO%1,OverUnder,ATSVegas,OverUnderVegas,AdjO3ExpMA,AdjO3ExpMAS,AdjO5ExpMA,AdjO10ExpMA,AdjD3ExpMA,AdjD3ExpMAS,AdjD5ExpMA,AdjD10ExpMA,DateNew,AdjOECurrent,AdjDECurrent,AdjEMCurrent,AdjOECurrentOpp,AdjDECurrentOpp,AdjEMCurrentOpp,PomAdjOECurrent,PomAdjDECurrent,PomAdjEMCurrent,PomAdjTCurrent,PomSpread,PomTotal,PomTempo,TRankSpread,TRankTotal,B3GSpread,B3GTotal,TRankLast10Spread,TRankLast10Total,MC5Spread,MC5Total,PomAdjOECurrentOpp,PomAdjDECurrentOpp,PomAdjEMCurrentOpp,PomAdjTCurrentOpp,AdjOELast10,AdjDELast10,AdjEMLast10,AdjOEOppLast10,AdjDEOppLast10,AdjEMOppLast10,MC10Spread,MC10Total,MC10Edge,AdjOE_MG,AdjDE_MG,AdjEM_MG,Adj_Margin_EM_MG,AdjOE_MG_Opp,AdjDE_MG_Opp,AdjEM_MG_Opp,Adj_Margin_EM_MG_Opp,Dates,MG_Spread,MG_Total,MG_Rank_Score_Dif,MG_Rank_Total,GameDifRating,DifCumSum,DifCumSumEMA,DifCumSumShifted,DifOverplayingandEMA,PomSpreadWinATS,PomSpreadLossATS,PomTotalWinTotal,PomTotalLossTotal,TRankSpreadWinATS,TRankSpreadLossATS,TRankTotalWinTotal,TRankTotalLossTotal,B3GSpreadWinATS,B3GSpreadLossATS,B3GTotalWinTotal,B3GTotalLossTotal,TRankLast10SpreadWinATS,TRankLast10SpreadLossATS,TRankLast10TotalWinTotal,TRankLast10TotalLossTotal,MC5SpreadWinATS,MC5SpreadLossATS,MC5TotalWinTotal,MC5TotalLossTotal,MG_SpreadWinATS,MG_SpreadLossATS,MG_TotalWinTotal,MG_TotalLossTotal,MG_Rank_Score_DifWinATS,MG_Rank_Score_DifLossATS,MG_Rank_TotalWinTotal,MG_Rank_TotalLossTotal,PlayingOverRating,PlayingOverRating3,PlayingOverRatingShift,RollingMeanDiffEM,RollingMeanDiffEMShift,PlayingOverPomeroyTrue,PlayingOverPomeroyShiftTrue,PlayingOverDailyTrue,RollingMeanDiffEMTrue,RollingMeanDiffEMShiftTrue,SignalSum,SignalSumShift,SignalSumShiftAfterGame
1.0,-12,,-12.600000000000007,-12.600000000000007,99.8,0.0,112.4,0.0,Sat 1-02 1-02,A,320 (Ⅳ),Lehigh,"L, 90-89 OT",86,103.7,47.2,9.3,104.9,53.6,11.7,34.5,2.0,144.5,99.8,0.0,99.8,99.8,112.4,0.0,112.4,112.4,20210102,104.5,106.8,-2.299999999999997,95.0,106.8,-11.799999999999995,100.4,106.3,-5.87,69.9,0.6801223689962654,147.9574710856578,70.59601706970129,-3.020962701960457,153.73284570446148,4.899965540367305,153.73284570446148,-3.020962701960457,153.73284570446148,4.899965540367305,147.0715530840984,96.8,107.4,-10.54,71.0,104.5,106.8,-2.299999999999997,95.0,106.8,-11.799999999999995,4.899965540367305,147.0715530840984,0,0.0,0.0,0.0,0.0,0.0,0.0,0.0,0.0,2021-01-02,-0.0,0.0,,0.0,-6.13,-6.13,0.0,0.0,-6.13,1,0,1,0,1,0,1,0,0,1,1,0,1,0,1,0,0,1,1,0,1,0,0,1,1,0,0,1,-6.730000000000007,,0.0,-6.13,0.0,-1,0.0,-1,-1,1,-3,0.0,0.0
8.0,-9,,-11.566666666666675,-12.036363636363642,108.1,0.0,117.6,0.0,Sun 1-03 1-03,H,320 (Ⅳ),Lehigh,"W, 82-70",68,119.9,57.9,17.6,102.4,49.2,16.1,1.5,-4.0,150.5,103.95,99.8,102.56666666666668,101.3090909090909,115.0,112.4,114.13333333333335,113.34545454545454,20210103,104.5,106.7,-2.200000000000003,94.9,106.7,-11.799999999999995,100.4,106.3,-5.86,69.9,-7.598585369565384,147.94278610071444,70.49658605974398,-11.687807319066906,153.71318449747886,-3.3285049808387157,153.71318449747886,-11.687807319066906,153.71318449747886,-3.3285049808387157,146.82061097861472,96.8,107.4,-10.54,70.9,104.5,106.7,-2.200000000000003,94.9,106.7,-11.799999999999995,-3.3285049808387157,146.82061097861472,0,100.97848191129854,97.83453047715548,3.1439514341430623,2.9203589575790567,97.83453047715548,100.9784819112986,-3.143951434143119,-3.36754391070719,2021-01-03,-8.502601185628237,142.75425663573094,-6.4022477648127705,142.75425663573094,-3.1399999999999997,-9.27,-6.13,-6.13,-3.1399999999999997,1,0,0,1,1,0,1,0,0,1,1,0,1,0,1,0,0,1,0,1,1,0,0,1,1,0,0,1,-5.706666666666675,,-6.730000000000007,-4.635,-6.13,-1,-1.0,-1,-1,-1,-3,-3.0,0.0
25.0,24,0.7333333333333295,0.3888888888888813,-5.429752066115707,108.6,105.5,84.3,104.76666666666668,Sat 1-09 1-09,A,264 (Ⅲ),Bucknell,"W, 83-60",75,111.1,47.1,18.7,80.3,46.0,29.5,-6.0,2.0,149.0,106.275,103.95,104.57777777777778,102.63471074380163,99.65,115.0,104.18888888888893,108.06446280991733,20210109,104.9,107.8,-2.8999999999999915,91.5,102.3,-10.799999999999995,101.5,107.0,-5.47,69.9,2.636574600145721,148.929045328462,72.18691322901849,-2.1486957475782873,151.87806674199163,8.608922170212406,151.87806674199163,-2.1486957475782873,151.87806674199163,8.608922170212406,147.0410161159305,95.9,103.2,-7.38,72.6,104.9,107.8,-2.8999999999999915,91.5,102.3,-10.799999999999995,8.498250201150103,147.1637299102041,0,105.0668246,96.90783222,8.15899238,3.230843433,85.49313620000001,94.99139392,-9.498257719999984,-13.99551306,2021-01-09,-8.7429150215575,134.50718459862614,-10.522731001833264,134.50718459862614,29.47,20.2,-7.176666666666667,-9.27,27.376666666666665,0,1,1,0,1,0,0,1,0,1,0,1,1,0,0,1,0,1,1,0,1,0,1,0,1,0,1,0,5.858888888888881,6.20333333333333,-5.706666666666675,6.733333333333333,-4.635,1,-1.0,1,1,-1,3,-3.0,-3.0
4.5,1,5.533333333333331,0.8592592592592532,-4.1152516904583045,117.6,111.43333333333334,115.8,105.90000000000002,Sun 1-10 1-10,H,264 (Ⅳ),Bucknell,"W, 87-76",71,123.2,58.2,11.3,107.6,54.9,12.7,16.5,-6.5,146.5,111.9375,106.275,108.91851851851854,105.35567242674679,107.725,99.65,108.05925925925928,109.47092411720509,20210110,104.9,107.9,-3.0,91.5,102.3,-10.799999999999995,101.4,106.9,-5.47,69.9,-5.769621987692361,148.79708967949574,72.1869132290185,-10.596575301368418,152.30236800299184,-15.689452514507561,152.30236800299184,-10.596575301368418,152.30236800299184,-15.689452514507561,140.74735517222962,95.8,103.2,-7.39,72.6,104.9,107.9,-3.0,91.5,102.3,-10.799999999999995,-15.757868947993929,140.64525769501753,0,105.06682459945615,96.90783221648105,8.1589923829751,3.230843433425877,85.49313620042373,94.99139392442991,-9.49825772400618,-13.995513059541016,2021-01-10,-16.293462130100195,135.20806578729594,-14.347619026398398,135.20806578729594,6.47,26.669999999999998,1.9488888888888871,20.2,24.72111111111111,0,1,1,0,1,0,1,0,1,0,1,0,1,0,1,0,1,0,0,1,1,0,0,1,1,0,0,1,6.329259259259253,11.00333333333333,5.858888888888881,6.6674999999999995,6.733333333333333,1,1.0,1,1,1,3,3.0,-3.0
-5.0,1,9.133333333333333,1.006172839506168,-3.1306604740113415,121.1,115.76666666666664,119.8,106.63333333333335,Sat 1-16 1-16,H,234 (Ⅳ),Loyola MD,"W, 77-75",66,116.3,58.9,18.1,113.3,52.7,19.6,1.5,-7.0,150.5,116.51875,111.9375,112.97901234567901,108.21827744006555,113.7625,107.725,111.97283950617285,111.3489379140769,20210116,106.1,107.4,-1.3000000000000114,100.8,107.2,-6.400000000000006,103.1,106.4,-3.24,69.9,-7.294372611431058,151.16587732273723,70.59601706970129,-8.44933071916094,160.5024631227281,-17.716752052727575,160.5024631227281,-8.44933071916094,160.5024631227281,-17.716752052727575,165.7929718160214,99.0,106.4,-7.41,71.0,106.1,107.4,-1.3000000000000114,100.8,107.2,-6.400000000000006,-17.836900785045362,165.7232472718338,0,107.77214136880869,102.82255999093158,4.949581377877109,1.9080040678748904,0.0,0.0,0.0,0.0,2021-01-16,0.0,0.0,,0.0,4.24,30.909999999999997,10.189259259259257,26.669999999999998,20.720740740740737,0,1,1,0,0,1,1,0,0,1,1,0,0,1,1,0,0,1,1,0,1,0,0,1,0,1,0,1,4.246172839506168,12.373333333333333,6.329259259259253,6.1819999999999995,6.6674999999999995,1,1.0,1,1,1,3,3.0,3.0
4.0,1,1.4666666666666641,1.1041152263374443,-2.3250858423729155,114.3,117.66666666666669,113.0,116.20000000000003,Sun 1-17 1-17,A,234 (Ⅲ),Loyola MD,"W, 72-70",66,109.8,57.0,18.3,106.7,52.8,21.3,-4.0,2.0,146.0,115.409375,116.51875,113.419341563786,109.32404517823544,113.38125,113.7625,112.31522633744856,111.64913102060837,20210117,105.8,107.1,-1.2999999999999972,100.5,107.0,-6.5,103.1,106.4,-3.24,69.8,1.1611500596420115,150.56589478544973,70.39573257467995,0.4408361158183993,159.00322356124335,-8.824316715545152,159.00322356124335,0.4408361158183993,159.00322356124335,-8.824316715545152,168.23194905113186,99.0,106.4,-7.41,70.9,105.8,107.1,-1.2999999999999972,100.5,107.0,-6.5,-8.83306428590455,168.39629100917674,0,106.51233520052622,103.99333963885563,2.518995561670593,-0.8423423352585269,105.11487318547545,99.1424120490233,5.972461136452139,5.296973075413253,2021-01-17,7.01036687262112,154.9178401314312,6.3367987497060625,154.9178401314312,4.24,35.15,17.09617283950617,30.909999999999997,18.053827160493828,1,0,0,1,1,0,0,1,1,0,0,1,1,0,0,1,1,0,0,1,0,1,0,1,0,1,0,1,4.344115226337444,4.706666666666664,4.246172839506168,5.858333333333333,6.1819999999999995,1,1.0,1,1,1,3,3.0,3.0
-11.0,-20,-5.86666666666667,-5.997256515775037,-5.5750702346687495,102.6,112.66666666666669,122.8,118.53333333333336,Sat 1-23 1-23,H,260 (Ⅳ),Boston University,"L, 81-76",68,112.0,51.6,16.2,119.4,56.7,19.2,10.5,-6.0,146.5,109.0046875,115.409375,109.81289437585735,108.10149150946535,118.090625,113.38125,115.8101508916324,113.6765617441341,20210123,106.8,107.7,-0.9000000000000057,98.1,108.9,-10.800000000000011,104.0,107.2,-3.19,69.0,-8.564979321157708,144.3747785424698,66.54623044096728,-11.505151865821261,151.62060999085293,-23.50626401231339,151.62060999085293,-11.505151865821261,151.62060999085293,-23.50626401231339,156.23812791579078,98.4,108.0,-9.63,67.8,106.8,107.7,-0.9000000000000057,98.1,108.9,-10.800000000000011,-19.239421775176503,154.0434067081313,0,106.42290121920055,101.64170927235779,4.7811919468427675,0.1933081644461825,97.895754925421,95.2140149862702,2.681739939150802,-5.074044958893891,2021-01-23,-5.0814682806988145,137.0399044357669,-5.323048150982153,137.0399044357669,-16.81,18.34,23.114115226337447,35.15,-4.774115226337447,0,1,0,1,0,1,1,0,0,1,1,0,0,1,1,0,0,1,1,0,1,0,0,1,1,0,0,1,-2.807256515775037,-2.67666666666667,4.344115226337444,2.619999999999999,5.858333333333333,-1,1.0,-1,1,1,-1,3.0,3.0
-7.5,-16,-11.633333333333335,-9.331504343850023,-7.470512010183523,81.7,99.53333333333336,97.7,111.16666666666669,Sun 1-24 1-24,H,260 (Ⅳ),Boston University,"L, 64-61",68,89.9,37.1,8.8,94.3,37.9,10.3,-22.5,-4.5,147.5,95.35234375,109.0046875,100.44192958390491,103.30122032592621,107.8953125,118.090625,109.77343392775494,110.77173233610972,20210124,106.8,107.7,-0.9000000000000057,98.1,109.0,-10.900000000000004,104.1,107.3,-3.2,69.0,-8.576964035312983,144.65159833902388,66.54623044096728,-11.580048909832584,151.69550703486425,-19.438705224662282,151.69550703486425,-11.580048909832584,151.69550703486425,-19.438705224662282,158.60719272214217,98.5,108.1,-9.63,67.8,106.8,107.7,-0.9000000000000057,98.1,109.0,-10.900000000000004,-14.819052886794767,155.0039133396589,0,108.2808281573565,100.40832596433088,7.8725021930256105,1.7903611467958758,98.76237282126196,96.32640255121795,2.4359702700440096,-3.515599298151768,2021-01-24,-7.390382370806677,138.90153448392113,-5.378137983766514,138.90153448392113,-12.8,5.539999999999999,21.522743484224968,18.34,-15.982743484224969,0,1,1,0,0,1,0,1,0,1,0,1,0,1,0,1,0,1,0,1,0,1,1,0,0,1,1,0,-6.131504343850023,-8.433333333333334,-2.807256515775037,0.6924999999999999,2.619999999999999,-1,-1.0,-1,1,1,-1,-1.0,3.0
-11.0,-17,-17.933333333333334,-12.087669562566678,-9.31223709924106,94.0,92.76666666666668,111.6,110.7,Sun 2-07 2-07,A,234 (Ⅲ),Loyola MD,"L, 75-62",70,88.4,42.5,17.1,107.0,50.0,15.7,-9.0,2.0,146.0,94.676171875,95.35234375,98.29461972260329,101.61008935757594,109.74765625,107.8953125,110.38228928516995,110.92232645681706,20210207,105.1,108.6,-3.5,97.9,107.3,-9.399999999999991,103.1,108.0,-4.94,68.2,1.1417366680098269,141.76844469487196,66.2597439544808,-0.21707085456279174,148.7138437830653,-3.238965926174055,148.7138437830653,-0.21707085456279174,148.7138437830653,-3.238965926174055,143.99506820469588,97.6,106.4,-8.76,68.3,105.1,108.6,-3.5,97.9,107.3,-9.399999999999991,-5.05340077305754,141.28021085977576,0,107.7807767279558,97.21155240324812,10.569224324707676,7.1425722865942465,111.85858750565822,91.8874237762675,19.971163729390724,12.418391178844216,2021-02-07,10.542654691855688,141.33423981122783,5.532471540533621,141.33423981122783,-12.059999999999999,-6.52,16.195162322816646,5.539999999999999,-22.715162322816646,0,1,1,0,0,1,0,1,0,1,0,1,0,1,0,1,0,1,1,0,1,0,1,0,1,0,1,0,-7.147669562566677,-12.993333333333332,-6.131504343850023,-0.7244444444444449,0.6924999999999999,-1,-1.0,-1,-1,1,-3,-1.0,-1.0
2.0,-8,-13.866666666666665,-10.725113041711124,-9.073648535742686,111.6,95.76666666666664,119.6,109.63333333333334,Mon 2-08 2-08,H,234 (Ⅳ),Loyola MD,"W, 80-76",71,112.8,50.0,14.1,107.2,53.4,16.9,14.5,-2.0,141.5,103.1380859375,94.676171875,102.72974648173552,103.4264367471076,114.673828125,109.74765625,113.45485952344666,112.5000852828503,20210208,105.1,108.5,-3.4000000000000057,97.9,107.2,-9.299999999999997,103.1,108.0,-4.9,68.2,-6.79021863421255,141.71905072519445,66.16273115220484,-8.529393782635779,148.60973057636323,-5.590358885952635,148.60973057636323,-8.529393782635779,148.60973057636323,-5.590358885952635,135.6329493744265,97.6,106.4,-8.73,68.2,105.1,108.5,-3.4000000000000057,97.9,107.2,-9.299999999999997,-9.222936714948016,138.8186064246339,0,107.89921565383112,97.21887275981138,10.680342894019745,7.196197634995928,111.84596700437638,91.91549641762094,19.930470586755433,12.395501335140402,2021-02-08,2.5363593749481055,140.85918504232905,1.4059712130028572,140.85918504232905,-3.0999999999999996,-9.62,8.623441548544431,-6.52,-18.243441548544432,1,0,1,0,1,0,1,0,1,0,1,0,1,0,1,0,1,0,0,1,0,1,0,1,0,1,0,1,-5.825113041711123,-8.966666666666665,-7.147669562566677,-0.9620000000000006,-0.7244444444444449,-1,-1.0,-1,-1,-1,-3,-3.0,-1.0
0.5,-9,-11.633333333333333,-10.250075361140748,-9.114803347425834,101.2,102.26666666666664,110.5,113.90000000000002,Sat 2-13 2-13,H,234 (Ⅳ),Loyola MD,"W, 97-94 3OT",95,102.3,45.3,14.8,99.1,44.7,13.7,48.0,-2.5,143.0,102.16904296875,103.1380859375,102.2198309878237,103.02163006581532,112.5869140625,114.673828125,112.46990634896444,112.13643341324116,20210213,104.1,109.7,-5.6000000000000085,96.3,105.4,-9.100000000000009,102.9,108.6,-5.69,68.6,-5.46815001588061,142.64150532553856,66.55078236130868,-6.8968565198539125,147.00490829843443,-3.378421728749387,147.00490829843443,-6.8968565198539125,147.00490829843443,-3.378421728749387,135.59757960819965,98.1,105.7,-7.62,68.2,104.1,109.7,-5.6000000000000085,96.3,105.4,-9.100000000000009,-8.911124541428066,142.1933980063577,0,107.76166065344252,96.6800607774704,11.081599875972117,7.538585170050593,111.74236806812252,92.01389364964805,19.728474418474462,12.366965019970255,2021-02-13,2.0990572236687086,141.18074224990403,1.164440467993714,141.18074224990403,-3.3099999999999996,-12.93,2.5422943656962884,-9.62,-15.472294365696289,1,0,0,1,1,0,1,0,1,0,1,0,1,0,1,0,1,0,0,1,0,1,0,1,0,1,0,1,-4.560075361140748,-5.9433333333333325,-5.825113041711123,-1.1754545454545466,-0.9620000000000006,-1,-1.0,-1,-1,-1,-3,-3.0,-3.0
-16.0,-34,-17.2,-18.266716907427167,-13.693930011530227,98.2,103.66666666666664,132.5,120.86666666666667,Sun 2-14 2-14,A,234 (Ⅲ),Loyola MD,"L, 88-69",72,96.2,49.0,20.9,122.7,58.3,9.8,14.5,3.0,142.5,100.184521484375,102.16904296875,100.87988732521579,102.14497005384891,122.54345703125,112.5869140625,119.14660423264296,115.83890006537912,20210214,104.3,109.9,-5.6000000000000085,96.5,105.7,-9.200000000000003,102.9,108.6,-5.68,68.6,2.4496498066411334,142.62510388085514,66.55078236130868,1.2713879961658563,147.48556201683382,5.868457345575725,147.48556201683382,1.2713879961658563,147.48556201683382,5.868457345575725,132.9626414700909,98.1,105.8,-7.61,68.2,104.3,109.9,-5.6000000000000085,96.5,105.7,-9.200000000000003,-0.5965464489834778,141.19639463643384,0,104.86517927725882,95.66189373105848,9.203285546200334,6.524738252093954,107.78992048353085,96.4021335344774,11.38778694905345,0.5973198628381855,2021-02-14,5.279281583456097,139.35438134780748,-2.014964410221154,139.35438134780748,-28.32,-41.25,-2.615137089535807,-12.93,-38.63486291046419,0,1,1,0,0,1,1,0,1,0,1,0,0,1,1,0,1,0,0,1,1,0,0,1,0,1,0,1,-12.586716907427167,-11.52,-4.560075361140748,-3.4375,-1.1754545454545466,-1,-1.0,-1,-1,-1,-3,-3.0,-3.0
-2.5,-7,-17.066666666666666,-14.711144604951446,-12.585942736706548,101.4,100.26666666666664,109.0,117.33333333333331,Sat 2-27 2-27,H,320 (Ⅳ),Lehigh,"W, 75-69",69,108.0,52.5,15.8,99.4,46.7,14.4,-2.5,-8.5,146.5,100.79226074218752,100.184521484375,101.05325821681058,102.00952095314906,115.771728515625,122.54345703125,115.764402821762,114.59546368985563,20210227,105.3,111.7,-6.400000000000006,96.0,108.8,-12.799999999999995,104.0,110.5,-6.46,68.4,-10.65674404947157,150.36556824445344,68.7891891891892,-9.541532346616677,156.40342065612987,-6.574732046031737,156.40342065612987,-9.541532346616677,156.40342065612987,-6.574732046031737,143.0048665470235,95.0,110.0,-15.03,70.7,105.3,111.7,-6.400000000000006,96.0,108.8,-12.799999999999995,-11.2830358661246,150.47816035674614,0,104.725444,95.71016606,9.01527793999999,6.411230485,100.3175034,100.7980537,-0.4805502999999902,2.129356412,2021-02-27,-10.701591716256743,142.19969446360147,-4.953813760914329,142.19969446360147,-0.54,-41.79,-15.493424726357205,-41.25,-26.296575273642794,0,1,0,1,0,1,0,1,1,0,0,1,0,1,0,1,1,0,1,0,0,1,1,0,1,0,1,0,-8.251144604951445,-10.606666666666666,-12.586716907427167,-3.214615384615385,-3.4375,-1,-1.0,-1,-1,-1,-3,-3.0,-3.0
-2.0,-8,-16.83333333333333,-12.67409640330096,-11.861225875487175,101.7,100.43333333333332,110.3,117.26666666666668,Sun 2-28 2-28,A,320 (Ⅳ),Lehigh,"W, 71-70",68,105.1,54.5,13.3,103.6,47.8,10.4,-5.5,-3.0,146.5,101.24613037109377,100.79226074218752,101.26883881120705,101.9532444162129,113.0358642578125,115.771728515625,113.942935214508,113.81447029170008,20210228,104.5,111.2,-6.700000000000002,95.1,108.2,-13.100000000000007,103.7,110.8,-7.03,68.2,-2.181005565630187,147.93673141063425,68.39402560455193,-0.8351103741979244,153.1565199083633,-2.325002427978881,153.1565199083633,-0.8351103741979244,153.1565199083633,-2.325002427978881,144.4493423233647,94.0,109.4,-15.38,70.5,104.5,111.2,-6.700000000000002,95.1,108.2,-13.100000000000007,-1.1894487824557485,149.4203887859101,0,104.725444,95.71016606,9.01527793999999,6.411230485,100.3175034,100.7980537,-0.4805502999999902,2.129356412,2021-02-28,-2.7351575522119873,141.03141605975128,-0.9317358162672491,141.03141605975128,-0.9699999999999998,-42.76,-24.25894981757147,-41.79,-18.50105018242853,1,0,0,1,1,0,0,1,1,0,0,1,1,0,0,1,1,0,1,0,1,0,1,0,1,0,1,0,-5.644096403300959,-9.803333333333327,-8.251144604951445,-3.0542857142857143,-3.214615384615385,-1,-1.0,-1,-1,-1,-3,-3.0,-3.0
