ATS,EMRating,EMRating3GameEMA,EMRating5GameExpMA,EMRating10GameExpMA,AdjO,AdjO3GameEMA,AdjD,AdjD3GameEMA,Date,HomeAway,Op Rank,Opponent,Result,Pace,PPP,EFG%,TO%,PPP1,EFG%1,TO%1,OverUnder,ATSVegas,OverUnderVegas,AdjO3ExpMA,AdjO3ExpMAS,AdjO5ExpMA,AdjO10ExpMA,AdjD3ExpMA,AdjD3ExpMAS,AdjD5ExpMA,AdjD10ExpMA,DateNew,AdjOECurrent,AdjDECurrent,AdjEMCurrent,AdjOECurrentOpp,AdjDECurrentOpp,AdjEMCurrentOpp,PomAdjOECurrent,PomAdjDECurrent,PomAdjEMCurrent,PomAdjTCurrent,PomSpread,PomTotal,PomTempo,TRankSpread,TRankTotal,B3GSpread,B3GTotal,TRankLast10Spread,TRankLast10Total,MC5Spread,MC5Total,PomAdjOECurrentOpp,PomAdjDECurrentOpp,PomAdjEMCurrentOpp,PomAdjTCurrentOpp,AdjOELast10,AdjDELast10,AdjEMLast10,AdjOEOppLast10,AdjDEOppLast10,AdjEMOppLast10,MC10Spread,MC10Total,MC10Edge,AdjOE_MG,AdjDE_MG,AdjEM_MG,Adj_Margin_EM_MG,AdjOE_MG_Opp,AdjDE_MG_Opp,AdjEM_MG_Opp,Adj_Margin_EM_MG_Opp,Dates,MG_Spread,MG_Total,MG_Rank_Score_Dif,MG_Rank_Total,GameDifRating,DifCumSum,DifCumSumEMA,DifCumSumShifted,DifOverplayingandEMA,PomSpreadWinATS,PomSpreadLossATS,PomTotalWinTotal,PomTotalLossTotal,TRankSpreadWinATS,TRankSpreadLossATS,TRankTotalWinTotal,TRankTotalLossTotal,B3GSpreadWinATS,B3GSpreadLossATS,B3GTotalWinTotal,B3GTotalLossTotal,TRankLast10SpreadWinATS,TRankLast10SpreadLossATS,TRankLast10TotalWinTotal,TRankLast10TotalLossTotal,MC5SpreadWinATS,MC5SpreadLossATS,MC5TotalWinTotal,MC5TotalLossTotal,MG_SpreadWinATS,MG_SpreadLossATS,MG_TotalWinTotal,MG_TotalLossTotal,MG_Rank_Score_DifWinATS,MG_Rank_Score_DifLossATS,MG_Rank_TotalWinTotal,MG_Rank_TotalLossTotal,PlayingOverRating,PlayingOverRating3,PlayingOverRatingShift,RollingMeanDiffEM,RollingMeanDiffEMShift,PlayingOverPomeroyTrue,PlayingOverPomeroyShiftTrue,PlayingOverDailyTrue,RollingMeanDiffEMTrue,RollingMeanDiffEMShiftTrue,SignalSum,SignalSumShift,SignalSumShiftAfterGame
-16.5,-19,,-19.900000000000006,-19.900000000000006,83.8,0.0,103.7,0.0,Fri 12-04 12-04,A,99 (Ⅱ),Loyola Marymount,"L, 85-61",77,79.7,35.6,19.6,111.0,59.5,24.8,-4.5,7.5,150.5,83.8,0.0,83.8,83.8,103.7,0.0,103.7,103.7,20201204,97.9,100.4,-2.5,104.2,101.7,2.5,96.7,101.8,-5.13,74.1,9.477309906748076,149.2345951584871,74.62702702702701,8.212100256116202,155.8178872496773,20.402268595387344,155.8178872496773,8.212100256116202,155.8178872496773,20.402268595387344,141.92501586102279,102.1,100.1,2.04,70.8,97.9,100.4,-2.5,104.2,101.7,2.5,20.131962126682595,142.02778931306307,0,0.0,0.0,0.0,0.0,100.28843751722107,105.21696470014237,-4.9285271829213,-7.57402100820825,2020-12-04,-0.0,0.0,,0.0,-13.870000000000001,-13.870000000000001,0.0,0.0,-13.870000000000001,1,0,1,0,1,0,0,1,1,0,0,1,1,0,0,1,1,0,1,0,0,1,1,0,0,1,1,0,-14.770000000000007,,0.0,-13.870000000000001,0.0,-1,0.0,-1,-1,1,-3,0.0,0.0
3.0,2,,-12.300000000000002,-15.754545454545456,105.7,0.0,102.8,0.0,Sun 12-06 12-06,H,215 (Ⅳ),Seattle,"W, 80-75",76,105.8,51.7,18.5,99.2,47.7,14.5,4.0,-2.0,151.0,94.75,83.8,91.1,87.78181818181818,103.25,103.7,103.4,103.53636363636365,20201206,96.6,100.6,-4.0,92.7,102.4,-9.700000000000003,95.6,102.0,-6.39,74.6,-6.81050410140918,146.20870245833373,75.87339971550497,-8.55770439233767,149.0603861799607,5.341787220161092,149.0603861799607,-8.55770439233767,149.0603861799607,5.341787220161092,133.15910473430057,93.1,103.1,-9.99,71.5,96.6,100.6,-4.0,92.7,102.4,-9.700000000000003,5.237463203419908,133.22846266196336,0,90.02637574476604,100.78974168697957,-10.763365942213525,-3.1504107380936333,103.03504129307821,95.95174411338827,7.083297179689936,2.2460608415475423,2020-12-06,9.409772322475177,147.05197661831534,1.9796375142862814,147.05197661831534,8.39,-5.48,-13.870000000000001,-13.870000000000001,8.39,1,0,0,1,1,0,0,1,0,1,0,1,1,0,0,1,0,1,0,1,0,1,0,1,0,1,0,1,-5.910000000000003,,-14.770000000000007,-2.74,-13.870000000000001,-1,-1.0,1,-1,-1,-1,-3.0,0.0
-30.0,-30,-15.733333333333334,-18.266666666666673,-18.38099173553719,90.6,93.36666666666667,120.8,109.1,Thu 12-10 12-10,A,111 (Ⅱ),San Francisco,"L, 107-62",80,78.0,32.8,16.3,134.5,70.0,17.6,18.0,15.0,151.0,92.675,94.75,90.93333333333334,88.29421487603304,112.025,103.25,109.20000000000002,106.67520661157025,20201210,97.1,101.2,-4.1000000000000085,102.4,94.7,7.700000000000002,96.1,102.5,-6.43,75.0,17.231477367631257,151.7649922937348,76.8136557610242,13.452195765068808,153.6652486438338,19.408684133949286,153.6652486438338,13.452195765068808,153.6652486438338,19.408684133949286,155.25446324083907,104.9,94.2,10.76,72.0,97.1,101.2,-4.1000000000000085,102.4,94.7,7.700000000000002,16.547158196979847,154.38810955079026,0,94.1864375514642,104.29421139761831,-10.107773846154117,-3.7584280330139785,102.88433112491558,94.40540472379256,8.478926401123019,3.2510483514052035,2020-12-10,18.729468077672465,154.31222658147024,7.529561105538264,154.31222658147024,-23.57,-29.05,-11.073333333333334,-5.48,-17.976666666666667,1,0,1,0,0,1,1,0,1,0,1,0,0,1,1,0,1,0,1,0,1,0,1,0,0,1,1,0,-11.836666666666673,-9.303333333333335,-5.910000000000003,-9.683333333333334,-2.74,-1,-1.0,-1,-1,-1,-3,-1.0,-3.0
6.5,1,-8.466666666666663,-11.544444444444444,-14.693538692712245,108.2,101.5,106.3,109.96666666666668,Fri 1-01 1-01,H,153 (Ⅲ),Cal St. Bakersfield,"W, 90-89 OT",83,109.0,66.7,24.2,107.7,39.2,21.8,37.5,5.5,141.5,100.4375,92.675,96.68888888888891,91.91344853493612,109.1625,112.025,108.23333333333336,106.60698722764835,20210101,98.5,104.5,-6.0,97.8,99.3,-1.5,97.3,104.9,-7.55,74.4,1.265317812995562,139.14079813881986,70.37837837837839,-0.8706733347414257,143.98455382122148,6.821259303790965,143.98455382122148,-0.8706733347414257,143.98455382122148,6.821259303790965,134.60860484732237,98.3,98.4,-0.06,66.5,98.5,104.5,-6.0,97.8,99.3,-1.5,6.9336738868070125,134.51533460819937,0,92.5892786414774,110.84558476896817,-18.25630612749076,-3.8955283751907617,99.64167893619512,96.59718795337014,3.044490982824982,0.4487754616389255,2021-01-01,11.103090219968337,143.55977373878784,1.1208167608975685,143.55977373878784,8.55,-20.5,-17.065555555555555,-29.05,-3.434444444444445,1,0,0,1,1,0,1,0,0,1,1,0,1,0,1,0,0,1,0,1,0,1,1,0,1,0,1,0,-3.9944444444444445,-0.9166666666666634,-11.836666666666673,-5.125,-9.683333333333334,-1,-1.0,-1,-1,-1,-3,-3.0,-1.0
-7.5,-20,-16.3,-14.562962962962965,-15.767440748582747,107.1,101.96666666666668,127.7,118.26666666666668,Sat 1-02 1-02,H,153 (Ⅲ),Cal St. Bakersfield,"L, 89-76",70,109.2,51.8,12.9,127.9,50.7,12.9,23.5,5.5,141.5,103.76875,100.4375,100.15925925925929,94.67463971040227,118.43125,109.1625,114.72222222222223,110.44208045898505,20210102,98.8,104.8,-6.0,98.1,99.5,-1.4000000000000057,97.4,105.0,-7.59,74.4,1.260846579419848,139.21053413388853,70.27254623044098,-0.8108417695736136,144.56532884631474,4.467334806793781,144.56532884631474,-0.8108417695736136,144.56532884631474,4.467334806793781,145.55472994073818,98.4,98.5,-0.04,66.4,98.8,104.8,-6.0,98.1,99.5,-1.4000000000000057,2.802162892805603,139.88482108146096,0,95.64357589555172,110.72055572930321,-15.076979833751494,-1.7067792391471859,99.48367150440906,98.7642802021325,0.7193913022765628,-2.501476079065696,2021-01-02,7.163369700734847,146.8545244552597,-2.484683524380145,146.8545244552597,-12.41,-32.91,-18.21037037037037,-20.5,-14.699629629629626,0,1,0,1,0,1,1,0,0,1,1,0,0,1,1,0,0,1,1,0,1,0,1,0,0,1,1,0,-6.972962962962965,-8.71,-3.9944444444444445,-6.581999999999999,-5.125,-1,-1.0,-1,-1,-1,-3,-3.0,-3.0
3.0,6,-4.166666666666667,-7.641975308641978,-11.77336061247679,103.7,106.33333333333331,97.5,110.5,Fri 1-08 1-08,A,243 (Ⅲ),Cal St. Fullerton,"W, 82-80",80,103.0,60.7,27.6,100.5,47.7,16.3,9.0,1.0,153.0,103.734375,103.76875,101.3395061728395,96.31561430851093,107.965625,118.43125,108.98148148148151,108.08897492098774,20210108,100.6,107.9,-7.300000000000012,92.5,103.6,-11.099999999999996,99.5,107.6,-8.15,74.4,0.06623731487131579,152.01723082030134,75.2466571834993,0.9975576710320553,156.75729083519894,14.923442415611586,156.75729083519894,0.9975576710320553,156.75729083519894,14.923442415611586,152.62446059859062,91.8,104.9,-13.09,71.1,100.6,107.9,-7.300000000000012,92.5,103.6,-11.099999999999996,14.805809535918709,152.62701893045545,0,96.8191150912288,113.97974177619793,-17.16062668496913,-6.385415688716866,97.10436368088213,96.5650355191692,0.5393281617129304,-3.3800359580626314,2021-01-08,17.606161545126497,157.33256223709878,4.265479721202723,157.33256223709878,14.15,-18.759999999999998,-23.110246913580248,-32.91,4.35024691358025,1,0,0,1,1,0,1,0,0,1,1,0,1,0,1,0,0,1,0,1,0,1,1,0,0,1,1,0,0.5080246913580222,3.9833333333333334,-6.972962962962965,-3.126666666666666,-6.581999999999999,1,-1.0,1,-1,-1,1,-3.0,-3.0
-1.0,-5,-6.5666666666666735,-6.861316872427991,-10.59638595566283,85.6,98.8,90.9,105.36666666666666,Sat 1-09 1-09,A,243 (Ⅲ),Cal St. Fullerton,"L, 75-72 OT",83,87.2,51.6,26.7,90.9,46.4,17.0,-6.5,2.0,153.5,94.6671875,103.734375,96.09300411522636,94.36732079787258,99.4328125,107.965625,102.95432098765434,104.96370675353542,20210109,100.5,107.8,-7.299999999999998,92.5,103.5,-11.0,99.4,107.6,-8.15,74.5,0.13229184112660164,151.98969861932568,75.34779516358464,1.0783796584588714,156.73661898685145,4.991547889186183,156.73661898685145,1.0783796584588714,156.73661898685145,4.991547889186183,157.48920902389847,91.7,104.8,-13.09,71.1,100.5,107.8,-7.299999999999998,92.5,103.5,-11.0,6.69668374827089,154.0737178408429,0,98.17687241,110.5843559,-12.407483490000004,-3.525901521,87.34792107,97.49222061,-10.144299540000006,-17.00229293,2021-01-09,4.820281955436627,148.0538654883462,-8.260971116395972,148.0538654883462,3.1500000000000004,-15.609999999999998,-21.6601646090535,-18.759999999999998,6.0501646090535015,0,1,1,0,0,1,0,1,1,0,0,1,0,1,0,1,1,0,0,1,1,0,1,0,0,1,1,0,1.2886831275720096,1.5833333333333268,0.5080246913580222,-2.2300000000000004,-3.126666666666666,1,1.0,1,-1,-1,1,1.0,-3.0
-17.5,-19,-6.033333333333336,-10.907544581618659,-12.124315781905954,100.5,96.60000000000002,119.5,102.63333333333333,Sat 1-23 1-23,A,214 (Ⅳ),Cal Baptist,"L, 96-75",74,101.1,60.0,18.9,129.4,67.0,20.2,10.5,3.5,160.5,97.58359375,94.6671875,97.56200274348423,95.48235338007757,109.46640625,99.4328125,108.46954732510291,107.6066691619835,20210123,101.1,107.7,-6.6000000000000085,101.2,111.1,-9.899999999999991,99.4,107.8,-8.32,74.0,2.599919792349411,158.1690001837298,73.47368421052632,2.152654697669149,166.16575146594812,5.659506700965462,166.16575146594812,2.152654697669149,166.16575146594812,5.659506700965462,155.3909740352168,99.2,110.1,-10.92,69.8,101.1,107.7,-6.6000000000000085,101.2,111.1,-9.899999999999991,7.200476945011579,157.5975448513542,0,97.91740184923742,108.88938818664276,-10.97198633740534,-2.0809660098396625,101.86224603859564,100.3612617950717,1.5009842435239449,4.112849625760407,2021-01-23,13.897512416645313,157.3933515832557,6.6289882950985515,157.3933515832557,-10.68,-26.29,-19.643443072702333,-15.609999999999998,-6.646556927297667,0,1,0,1,0,1,1,0,1,0,1,0,0,1,1,0,1,0,0,1,1,0,0,1,1,0,0,1,-2.5875445816186584,2.2866666666666644,1.2886831275720096,-3.28625,-2.2300000000000004,-1,1.0,-1,-1,-1,-3,1.0,1.0
5.5,-11,-11.933333333333335,-11.105029721079106,-12.010803821559415,90.5,92.20000000000003,102.0,104.13333333333333,Fri 2-12 2-12,A,237 (Ⅲ),UC Davis,"L, 68-66",71,93.3,53.8,28.3,96.1,48.3,18.4,-18.5,7.5,152.5,94.041796875,97.58359375,95.20800182898951,94.57647094733619,105.733203125,109.46640625,106.31303155006859,106.58727476889558,20210212,100.6,107.5,-6.900000000000006,98.8,106.3,-7.5,99.1,108.7,-9.67,72.9,8.154722808885708,156.16092129252905,73.72958748221906,3.948635448402513,160.62900966696978,7.472790420073789,160.62900966696978,3.948635448402513,160.62900966696978,7.472790420073789,155.21050171950026,100.2,104.7,-4.47,71.1,100.6,107.5,-6.900000000000006,98.8,106.3,-7.5,6.645390361246514,153.1517327176167,0,100.05083847190024,104.23293089702035,-4.182092425120118,1.012038288250768,100.57022664917628,100.94448980780115,-0.3742631586248706,2.231029016361844,2021-02-12,7.230317604202995,155.20475752624122,2.9966606868214,155.20475752624122,-1.33,-27.619999999999997,-21.85896204846822,-26.29,-5.761037951531776,0,1,0,1,1,0,0,1,1,0,0,1,1,0,0,1,1,0,0,1,1,0,0,1,1,0,0,1,-1.4350297210791059,-2.2633333333333354,-2.5875445816186584,-3.068888888888889,-3.28625,-1,-1.0,-1,-1,-1,-3,-3.0,1.0
4.5,-4,-11.733333333333327,-8.970019814052735,-10.681566763094064,95.9,95.63333333333335,100.6,107.36666666666667,Sat 2-13 2-13,A,237 (Ⅲ),UC Davis,"L, 78-76 OT",80,95.5,50.0,26.4,98.0,44.8,17.6,4.0,6.5,150.0,94.9708984375,94.041796875,95.438667885993,94.81711259327507,103.1666015625,105.733203125,104.40868770004576,105.49867935636914,20210213,100.9,109.7,-8.799999999999997,99.3,106.6,-7.299999999999998,99.0,108.7,-9.71,72.8,8.276964583055772,155.58249286137374,73.524893314367,5.587137008078045,162.75228838860886,9.047666357714432,162.75228838860886,5.587137008078045,162.75228838860886,9.047666357714432,150.51503748162216,100.2,104.6,-4.42,71.0,100.9,109.7,-8.799999999999997,99.3,106.6,-7.299999999999998,7.015746926594726,150.7954791772307,0,100.2646956188876,104.12198887093471,-3.857293252047114,1.134247247568029,100.5870126332353,100.93281142553532,-0.3457987923000161,2.2697191025599364,2021-02-13,6.988903290364448,154.86170261956636,2.928590159583166,154.86170261956636,5.710000000000001,-21.909999999999997,-23.779308032312148,-27.619999999999997,1.8693080323121514,0,1,1,0,1,0,1,0,0,1,1,0,1,0,1,0,0,1,1,0,0,1,1,0,1,0,1,0,0.7399801859472657,-2.0233333333333263,-1.4350297210791059,-2.191,-3.068888888888889,1,-1.0,1,-1,-1,1,-3.0,-3.0
-3.5,-15,-10.633333333333326,-11.21334654270182,-11.594009169804233,79.4,88.60000000000002,95.1,99.23333333333336,Fri 2-19 2-19,H,330 (Ⅳ),Cal Poly,"W, 64-60",76,84.7,35.3,18.5,79.4,41.7,18.5,-19.5,-7.5,143.5,87.18544921875002,94.9708984375,90.09244525732868,92.0140012126796,99.13330078125,103.1666015625,101.3057918000305,103.60801038248378,20210219,99.4,107.8,-8.399999999999991,91.2,108.3,-17.099999999999994,98.6,107.8,-9.16,72.4,-11.505912913081687,141.12006440486553,68.89843527738266,-10.656222737329301,145.51152084806637,-12.689090585760065,145.51152084806637,-10.656222737329301,145.51152084806637,-12.689090585760065,133.4490696428593,90.2,109.8,-19.6,66.9,99.4,107.8,-8.399999999999991,91.2,108.3,-17.099999999999994,-10.984899560649861,134.32710066026192,0,100.40054609999999,101.9147655,-1.514219400000016,3.1944271360000003,96.15966994,100.32799449999999,-4.168324559999988,-4.866683646,2021-02-19,-5.851024445702507,140.27739954719328,-7.467005162572107,140.27739954719328,-5.84,-27.749999999999996,-23.156205354874764,-21.909999999999997,-4.593794645125232,0,1,1,0,0,1,0,1,0,1,0,1,0,1,0,1,0,1,1,0,1,0,1,0,1,0,1,0,-2.0533465427018207,-1.4733333333333256,0.7399801859472657,-2.5227272727272725,-2.191,-1,1.0,-1,-1,-1,-3,1.0,-3.0
-2.5,-14,-11.46666666666666,-12.142231028467881,-12.031462048021645,97.9,91.06666666666668,111.9,102.53333333333336,Sat 2-20 2-20,H,330 (Ⅳ),Cal Poly,"W, 74-69",72,102.3,53.4,16.6,95.4,46.8,12.4,-1.0,-7.5,144.0,92.542724609375,87.18544921875002,92.69496350488579,93.0841828103742,105.516650390625,99.13330078125,104.8371945333537,105.11564485839584,20210220,99.4,107.9,-8.5,91.3,108.5,-17.200000000000006,98.9,108.1,-9.21,72.2,-11.553713026861843,141.21183996187267,68.50270270270272,-10.604348353666069,144.97850509792704,-7.007041343941612,144.97850509792704,-10.604348353666069,144.97850509792704,-7.007041343941612,127.46618846447261,90.5,110.2,-19.64,66.7,99.4,107.9,-8.5,91.3,108.5,-17.200000000000006,-9.993830090129176,131.35088758164753,0,100.40054609999999,101.9147655,-1.514219400000016,3.1944271360000003,96.15966994,100.32799449999999,-4.168324559999988,-4.866683646,2021-02-20,-5.8183658833611105,139.49441560297743,-7.424116856528045,139.49441560297743,-4.789999999999999,-32.53999999999999,-24.687470236583174,-27.749999999999996,-7.852529763416818,0,1,1,0,0,1,0,1,1,0,0,1,0,1,0,1,1,0,1,0,1,0,1,0,1,0,1,0,-2.9322310284678803,-2.256666666666659,-2.0533465427018207,-2.711666666666665,-2.5227272727272725,-1,-1.0,-1,-1,-1,-3,-3.0,1.0
6.0,1,-9.566666666666665,-7.7614873523119225,-9.662105312017706,109.8,95.7,108.8,105.2666666666667,Fri 2-26 2-26,A,196 (Ⅲ),Hawaii,"L, 78-76",70,109.0,61.8,21.5,111.9,60.6,21.5,8.0,8.0,146.0,101.1713623046875,92.542724609375,98.39664233659052,96.12342229939709,107.1583251953125,105.516650390625,106.15812968890245,105.78552761141475,20210226,96.9,106.8,-9.899999999999991,102.0,104.2,-2.200000000000003,97.9,107.6,-9.7,72.8,8.898830765003282,146.84443459319897,69.69331436699858,9.876644888213121,149.92819434679765,10.558113334000167,149.92819434679765,9.876644888213121,149.92819434679765,10.558113334000167,140.24016642095327,101.5,104.5,-3.03,67.3,96.9,106.8,-9.899999999999991,102.0,104.2,-2.200000000000003,10.366490067116457,143.08299451388115,0,100.40054609999999,101.9147655,-1.514219400000016,3.1944271360000003,104.5300286,100.30276090000001,4.2272676999999845,0.8855751470000001,2021-02-26,8.296996229478466,147.98058499606225,0.38210617075529285,147.98058499606225,10.7,-21.839999999999993,-27.304980157722117,-32.53999999999999,5.464980157722124,0,1,1,0,0,1,1,0,0,1,1,0,0,1,1,0,0,1,0,1,0,1,1,0,1,0,1,0,1.9385126476880767,0.13333333333333464,-2.9322310284678803,-1.6799999999999997,-2.711666666666665,1,-1.0,1,-1,-1,1,-3.0,-3.0
3.5,-5,-6.066666666666663,-6.907658234874612,-8.850813437105394,102.4,103.36666666666667,107.6,109.43333333333337,Sat 2-27 2-27,A,196 (Ⅲ),Hawaii,"L, 79-76",73,104.0,57.1,17.8,108.1,49.3,17.8,8.0,6.5,147.0,101.78568115234377,101.1713623046875,99.73109489106035,97.26461824496124,107.37916259765623,107.1583251953125,106.63875312593498,106.1154316820666,20210227,97.0,106.8,-9.799999999999997,102.1,104.4,-2.300000000000012,97.9,107.6,-9.7,72.8,8.898830765003282,146.84443459319897,69.69331436699858,9.748169388545534,150.21334125747998,5.782894113116054,150.21334125747998,9.748169388545534,150.21334125747998,5.782894113116054,138.4477990659778,101.5,104.5,-3.03,67.3,97.0,106.8,-9.799999999999997,102.1,104.4,-2.300000000000012,8.862935734712199,143.45406026762168,0,100.40054609999999,101.9147655,-1.514219400000016,3.1944271360000003,104.5300286,100.30276090000001,4.2272676999999845,0.8855751470000001,2021-02-27,8.296996229478466,147.98058499606225,0.38210617075529285,147.98058499606225,4.699999999999999,-17.139999999999993,-25.483320105148078,-21.839999999999993,8.343320105148084,0,1,0,1,0,1,1,0,1,0,1,0,0,1,1,0,1,0,0,1,0,1,1,0,1,0,1,0,2.7923417651253875,3.6333333333333364,1.9385126476880767,-1.2242857142857133,-1.6799999999999997,1,1.0,1,-1,-1,1,1.0,-3.0
