ATS,EMRating,EMRating3GameEMA,EMRating5GameExpMA,EMRating10GameExpMA,AdjO,AdjO3GameEMA,AdjD,AdjD3GameEMA,Date,HomeAway,Op Rank,Opponent,Result,Pace,PPP,EFG%,TO%,PPP1,EFG%1,TO%1,OverUnder,ATSVegas,OverUnderVegas,AdjO3ExpMA,AdjO3ExpMAS,AdjO5ExpMA,AdjO10ExpMA,AdjD3ExpMA,AdjD3ExpMAS,AdjD5ExpMA,AdjD10ExpMA,DateNew,AdjOECurrent,AdjDECurrent,AdjEMCurrent,AdjOECurrentOpp,AdjDECurrentOpp,AdjEMCurrentOpp,PomAdjOECurrent,PomAdjDECurrent,PomAdjEMCurrent,PomAdjTCurrent,PomSpread,PomTotal,PomTempo,TRankSpread,TRankTotal,B3GSpread,B3GTotal,TRankLast10Spread,TRankLast10Total,MC5Spread,MC5Total,PomAdjOECurrentOpp,PomAdjDECurrentOpp,PomAdjEMCurrentOpp,PomAdjTCurrentOpp,AdjOELast10,AdjDELast10,AdjEMLast10,AdjOEOppLast10,AdjDEOppLast10,AdjEMOppLast10,MC10Spread,MC10Total,MC10Edge,AdjOE_MG,AdjDE_MG,AdjEM_MG,Adj_Margin_EM_MG,AdjOE_MG_Opp,AdjDE_MG_Opp,AdjEM_MG_Opp,Adj_Margin_EM_MG_Opp,Dates,MG_Spread,MG_Total,MG_Rank_Score_Dif,MG_Rank_Total,GameDifRating,DifCumSum,DifCumSumEMA,DifCumSumShifted,DifOverplayingandEMA,PomSpreadWinATS,PomSpreadLossATS,PomTotalWinTotal,PomTotalLossTotal,TRankSpreadWinATS,TRankSpreadLossATS,TRankTotalWinTotal,TRankTotalLossTotal,B3GSpreadWinATS,B3GSpreadLossATS,B3GTotalWinTotal,B3GTotalLossTotal,TRankLast10SpreadWinATS,TRankLast10SpreadLossATS,TRankLast10TotalWinTotal,TRankLast10TotalLossTotal,MC5SpreadWinATS,MC5SpreadLossATS,MC5TotalWinTotal,MC5TotalLossTotal,MG_SpreadWinATS,MG_SpreadLossATS,MG_TotalWinTotal,MG_TotalLossTotal,MG_Rank_Score_DifWinATS,MG_Rank_Score_DifLossATS,MG_Rank_TotalWinTotal,MG_Rank_TotalLossTotal,PlayingOverRating,PlayingOverRating3,PlayingOverRatingShift,RollingMeanDiffEM,RollingMeanDiffEMShift,PlayingOverPomeroyTrue,PlayingOverPomeroyShiftTrue,PlayingOverDailyTrue,RollingMeanDiffEMTrue,RollingMeanDiffEMShiftTrue,SignalSum,SignalSumShift,SignalSumShiftAfterGame
8.0,17,,17.299999999999994,17.299999999999994,125.8,0.0,108.5,0.0,Fri 12-11 12-11,H,162 (Ⅲ),Northeastern,"W, 94-79",77,122.8,56.6,11.8,103.2,58.2,23.5,40.0,-7.0,133.0,125.8,0.0,125.8,125.8,108.5,0.0,108.5,108.5,20201211,105.3,101.0,4.299999999999997,99.2,100.5,-1.2999999999999972,102.9,99.0,3.85,71.4,-7.659833677119693,142.41538815477213,70.99374110953059,-8.282881146997383,149.77636261990108,-27.237717598657927,149.77636261990108,-8.282881146997383,149.77636261990108,-27.237717598657927,189.67812215175263,99.1,100.4,-1.3,69.9,105.3,101.0,4.299999999999997,99.2,100.5,-1.2999999999999972,-27.237717598657927,189.67812215175263,0,0.0,0.0,0.0,0.0,0.0,0.0,0.0,0.0,2020-12-11,0.0,0.0,,0.0,13.15,13.15,0.0,0.0,13.15,1,0,1,0,1,0,1,0,1,0,1,0,1,0,1,0,1,0,1,0,0,1,0,1,1,0,0,1,13.449999999999994,,0.0,13.15,0.0,1,0.0,1,1,1,3,0.0,0.0
-8.0,-4,,10.133333333333333,13.390909090909087,99.5,0.0,103.7,0.0,Sun 12-13 12-13,A,162 (Ⅲ),Northeastern,"L, 78-75",78,96.0,47.6,19.2,99.9,50.9,17.9,6.0,-5.0,147.0,112.65,125.8,117.03333333333332,121.01818181818182,106.1,108.5,106.9,107.62727272727273,20201213,107.6,103.3,4.299999999999997,101.4,102.8,-1.3999999999999917,104.2,99.6,4.61,72.4,-0.7448390384125361,149.10722772200546,73.01792318634425,0.1211499497672861,160.66297163366676,-17.127010595369377,160.66297163366676,0.1211499497672861,160.66297163366676,-17.127010595369377,193.82253791694367,99.7,101.8,-2.06,70.9,107.6,103.3,4.299999999999997,101.4,102.8,-1.3999999999999917,-17.127010595369377,193.82253791694367,0,104.88615566111177,101.41177230542529,3.4743833556864843,6.500243496955281,101.41177230542525,104.8861556611118,-3.4743833556865553,-0.4485232144177199,2020-12-13,-0.902498324513644,158.7659615179649,-2.967479523947972,158.7659615179649,-8.61,4.540000000000001,13.15,13.15,-8.61,1,0,1,0,1,0,1,0,0,1,1,0,1,0,1,0,0,1,1,0,1,0,1,0,1,0,1,0,5.5233333333333325,,13.449999999999994,2.2699999999999996,13.15,1,1.0,-1,1,1,1,3.0,0.0
14.5,16,9.933333333333332,12.322222222222226,13.992561983471072,112.8,112.7,96.1,102.76666666666664,Wed 12-16 12-16,A,196 (Ⅲ),La Salle,"W, 85-66",71,120.0,57.5,15.5,93.2,53.4,21.2,11.5,-4.5,139.5,112.725,112.65,115.62222222222222,119.52396694214876,101.1,106.1,103.3,105.5314049586777,20201216,105.7,101.5,4.200000000000003,96.8,95.2,1.5999999999999943,103.9,99.8,4.15,73.0,1.0442555782416036,141.96723622579032,72.27311522048363,2.36028122115124,146.95796599086515,-1.5445357633134167,146.95796599086515,2.36028122115124,146.95796599086515,-1.5445357633134167,143.54623749946387,96.9,97.0,-0.09,69.6,105.7,101.5,4.200000000000003,96.8,95.2,1.5999999999999943,-1.4908495506798982,143.41743880643156,0,101.74905683827878,99.87420897257392,1.8748478657048508,5.406709355150771,90.15751909433224,93.00213040885711,-2.844611314524869,-0.21492999794738432,2020-12-16,0.4325289944482904,136.41179510424806,-1.9867550112955712,136.41179510424806,11.85,16.39,10.280000000000001,4.540000000000001,6.109999999999999,0,1,1,0,0,1,1,0,0,1,1,0,0,1,1,0,0,1,1,0,0,1,0,1,0,1,0,1,8.172222222222226,5.783333333333331,5.5233333333333325,5.463333333333332,2.2699999999999996,1,1.0,1,1,1,3,1.0,3.0
-14.5,-11,0.2333333333333343,4.281481481481484,9.303005259203603,103.0,105.1,114.8,104.86666666666666,Mon 12-21 12-21,H,158 (Ⅲ),Bryant,"L, 93-88",83,105.9,45.7,15.7,112.0,66.4,26.5,16.5,-9.5,164.5,107.8625,112.725,111.41481481481482,116.5196093163035,107.95,101.1,107.13333333333335,107.21660405709991,20201221,107.6,101.9,5.699999999999988,102.1,105.2,-3.1000000000000085,105.8,99.9,5.88,73.0,-13.733819635402071,167.93244061326726,79.54196301564723,-12.364907440563485,176.49902031685937,-9.404477981957273,176.49902031685937,-12.364907440563485,176.49902031685937,-9.404477981957273,176.72994530722934,100.3,105.5,-5.21,76.6,107.6,101.9,5.699999999999988,102.1,105.2,-3.1000000000000085,-9.005291702523403,176.38532021871362,0,110.7106274965654,101.09815691644422,9.612470580121169,10.20502355124543,110.86684502055992,100.04986831040304,10.81697671015688,4.775027460864816,2020-12-21,-3.9927541574124774,180.8178300384539,-6.713116419300661,180.8178300384539,-16.88,-0.48999999999999844,12.316666666666668,16.39,-12.806666666666667,0,1,1,0,0,1,1,0,1,0,1,0,0,1,1,0,1,0,1,0,1,0,1,0,1,0,1,0,-1.5985185185185156,-5.646666666666666,8.172222222222226,-0.1225000000000005,5.463333333333332,-1,1.0,-1,-1,1,-3,3.0,1.0
-6.5,3,2.9333333333333367,4.154320987654326,8.320640666621133,104.7,106.83333333333331,100.8,103.9,Wed 12-30 12-30,H,116 (Ⅲ),George Mason,"L, 93-92 2OT",93,98.9,46.2,17.2,100.0,52.2,19.4,37.5,-5.5,147.5,106.28125,107.8625,109.17654320987656,114.37058944061195,104.375,107.95,105.02222222222224,106.04994877399082,20201230,107.5,103.1,4.400000000000006,101.6,99.2,2.3999999999999915,105.9,101.3,4.63,73.5,-5.762532896281812,150.85532705731498,73.08179231863443,-5.834474832430303,157.99597045625575,-9.46851509199329,157.99597045625575,-5.834474832430303,157.99597045625575,-9.46851509199329,152.41152673769582,101.3,98.9,2.35,69.9,107.5,103.1,4.400000000000006,101.6,99.2,2.3999999999999915,-9.574647726275266,152.58285879285478,0,105.84692102332014,101.93123658337393,3.9156844399462045,2.5398573889384286,89.78712915267853,102.07869256450924,-12.291563411830708,-12.401666509840672,2020-12-30,-16.523353221520864,149.46889363343374,-12.864923033818272,149.46889363343374,-1.63,-2.1199999999999983,8.047777777777782,-0.48999999999999844,-10.16777777777778,0,1,1,0,0,1,1,0,0,1,1,0,0,1,1,0,0,1,1,0,0,1,1,0,0,1,1,0,-0.4756790123456742,-1.6966666666666632,-1.5985185185185156,-0.4240000000000004,-0.1225000000000005,-1,-1.0,-1,-1,-1,-3,-3.0,3.0
9.5,21,4.433333333333337,9.83621399176955,10.662342363599107,108.7,105.46666666666664,87.5,101.03333333333336,Sat 1-09 1-09,H,196 (Ⅳ),La Salle,"W, 83-67",75,111.1,54.5,20.1,89.6,46.3,16.1,3.0,-6.5,147.0,107.490625,106.28125,109.01769547325104,113.3395731786825,95.9375,104.375,99.18148148148151,102.6772308150834,20210109,108.5,103.7,4.799999999999997,100.2,97.6,2.6000000000000085,106.7,101.9,4.76,73.0,-6.512249501289233,146.41764301298198,70.61166429587482,-5.681400303659757,151.65376141894586,-2.095130386208581,151.65376141894586,-5.681400303659757,151.65376141894586,-2.095130386208581,158.6999258650313,100.5,99.2,1.35,68.0,108.5,103.7,4.799999999999997,100.2,97.6,2.6000000000000085,-4.586903081537642,149.16748796736047,0,105.5522446,100.68722609999999,4.865018500000005,2.609132367,97.07105173,98.36133494,-1.2902832100000126,1.185699434,2021-01-09,-8.474497195604897,145.78010227456232,-3.0197505988981845,145.78010227456232,16.240000000000002,14.120000000000005,4.658518518518522,-2.1199999999999983,9.461481481481481,1,0,0,1,0,1,1,0,0,1,1,0,0,1,1,0,0,1,1,0,1,0,0,1,0,1,0,1,5.076213991769551,-0.32666666666666266,-0.4756790123456742,2.3533333333333326,-0.4240000000000004,1,-1.0,1,1,-1,3,-3.0,-3.0
5.0,9,11.666666666666664,9.857475994513033,10.523734661126538,100.6,104.66666666666669,90.7,93.0,Wed 1-13 1-13,H,109 (Ⅲ),Rhode Island,"W, 80-78 OT",84,95.6,44.8,14.3,93.2,50.8,23.9,4.0,3.0,154.0,104.0453125,107.490625,106.21179698216736,111.02328714619478,93.31875,95.9375,96.35432098765436,100.49955248506822,20210113,109.2,102.8,6.400000000000006,104.7,93.7,11.0,107.2,101.6,5.59,73.6,0.7223305392210051,153.2861114445451,73.91408250355617,-0.42784950652379905,158.5089343554526,0.1720182537288162,158.5089343554526,-0.42784950652379905,158.5089343554526,0.1720182537288162,146.3647217422557,106.0,94.1,11.91,70.6,109.2,102.8,6.400000000000006,104.7,93.7,11.0,0.5772293560200739,152.25446667859646,0,107.87508106591608,103.80396210152855,4.071118964387523,1.8377840659525633,103.57599089015123,93.60473338645201,9.97125750369922,9.5522740980423,2021-01-13,0.531248642852006,157.3800257905681,3.5146362191083256,157.3800257905681,3.41,17.530000000000005,7.812345679012349,14.120000000000005,9.717654320987656,1,0,0,1,1,0,1,0,1,0,1,0,1,0,1,0,1,0,0,1,1,0,1,0,0,1,1,0,4.267475994513033,6.076666666666664,5.076213991769551,2.5042857142857144,2.3533333333333326,1,1.0,1,1,1,3,3.0,-3.0
10.0,33,21.53333333333333,17.738317329675354,14.701237450012623,108.2,105.83333333333331,74.7,84.3,Sun 1-17 1-17,A,303 (Ⅳ),Fordham,"W, 65-46",65,99.5,42.4,13.8,70.4,39.2,24.5,-24.0,-9.0,135.0,106.12265625,104.0453125,106.87453132144493,110.509962210523,84.009375,93.31875,89.13621399176958,95.80872476051037,20210117,109.0,102.2,6.799999999999998,94.1,98.6,-4.5,107.2,101.4,5.85,73.5,-4.738500582462592,132.11995819998063,67.54054054054053,-3.8776483130214814,140.71933710690155,-12.686257447867835,140.71933710690155,-3.8776483130214814,140.71933710690155,-12.686257447867835,126.63823812657043,90.9,97.7,-6.78,64.6,109.0,102.2,6.799999999999998,94.1,98.6,-4.5,-12.436253291060796,129.42181325433214,0,105.90663274292612,100.557789941775,5.348842801151122,3.2482310961761374,86.09612091069106,102.75268078453593,-16.65655987384487,-15.601814355435724,2021-01-17,-11.609988155199865,134.8004860560992,-10.957098931753116,134.8004860560992,27.15,44.68000000000001,11.051563786008234,17.530000000000005,33.628436213991776,0,1,1,0,0,1,0,1,1,0,0,1,0,1,0,1,1,0,1,0,1,0,1,0,1,0,1,0,11.888317329675354,15.683333333333332,4.267475994513033,5.585,2.5042857142857144,1,1.0,1,1,1,3,3.0,3.0
-5.5,3,15.699999999999998,13.05887821978357,12.701012459101234,97.4,102.06666666666666,93.7,86.36666666666666,Sun 1-24 1-24,H,78 (Ⅱ),Davidson,"L, 69-60",65,92.1,42.9,13.8,105.9,56.7,16.9,-17.5,3.5,146.5,101.761328125,106.12265625,103.71635421429664,108.12633271770063,88.85468750000003,84.009375,90.65747599451305,95.42532025859937,20210124,109.2,100.4,8.799999999999997,112.8,100.7,12.099999999999996,107.1,100.4,6.72,73.3,0.028361210637612544,146.93347939202852,66.83541963015647,-2.0291672033144863,152.85389164313676,-3.1008266651504224,152.85389164313676,-2.0291672033144863,152.85389164313676,-3.1008266651504224,136.5851236112291,113.2,100.3,12.91,64.1,109.2,100.4,8.799999999999997,112.8,100.7,12.099999999999996,-2.816274119991494,141.42283718070243,0,106.37342910236977,99.86896209736872,6.504467005001047,4.22770228918295,106.32875914274078,99.27408592986777,7.054673212873013,3.3055807364353806,2021-01-24,-3.6587874404756064,145.07884516781013,-2.558184177432736,145.07884516781013,-3.7199999999999998,40.96000000000001,22.26104252400549,44.68000000000001,18.69895747599452,0,1,0,1,0,1,0,1,0,1,0,1,0,1,0,1,0,1,1,0,0,1,1,0,0,1,1,0,6.338878219783571,8.979999999999997,11.888317329675354,4.55111111111111,5.585,1,1.0,1,1,1,3,3.0,3.0
-4.0,-1,11.966666666666667,8.272585479855717,10.15537383017374,92.0,99.2,93.3,87.23333333333332,Wed 2-03 2-03,H,303 (Ⅳ),Fordham,"W, 60-54",67,89.8,42.1,19.5,80.8,49.0,25.4,-17.0,-10.0,131.0,96.8806640625,101.761328125,99.81090280953107,105.19427222357322,91.07734375,88.85468750000003,91.53831732967537,95.03889839339949,20210203,107.8,99.4,8.399999999999991,90.9,100.2,-9.299999999999997,106.2,100.2,6.06,72.8,-13.562344487215547,128.29656580070258,66.275960170697,-15.774007145406514,135.12769642066314,-22.218957154037206,135.12769642066314,-15.774007145406514,135.12769642066314,-22.218957154037206,121.42308398398986,89.3,98.5,-9.25,64.0,107.8,99.4,8.399999999999991,90.9,100.2,-9.299999999999997,-21.293999171360863,125.460425400615,0,106.20597675127271,100.25013468687105,5.955842064401665,3.7734492445838033,90.92033669407571,102.92305063805736,-12.002713943981647,-9.987158892915762,2021-02-03,-16.154608815942204,136.55602085703282,-10.918047312991291,136.55602085703282,-7.06,33.900000000000006,28.494028349336997,40.96000000000001,5.405971650663009,0,1,1,0,0,1,0,1,0,1,0,1,0,1,0,1,0,1,1,0,0,1,0,1,0,1,0,1,2.2125854798557176,5.906666666666667,6.338878219783571,3.3899999999999997,4.55111111111111,1,1.0,1,1,1,3,3.0,3.0
22.0,17,6.633333333333336,11.348390319903812,11.490760406505785,103.4,97.6,85.9,90.96666666666668,Sat 2-06 2-06,A,109 (Ⅱ),Rhode Island,"W, 75-63",74,101.3,51.4,17.6,85.1,40.9,18.9,-5.5,10.0,143.5,100.14033203125,96.8806640625,101.0072685396874,104.86804091019627,88.48867187500002,91.07734375,89.65887821978359,93.37728050369049,20210206,106.7,98.4,8.299999999999997,103.6,94.2,9.399999999999991,105.4,99.6,5.82,72.8,9.233288508619353,144.84228420134855,71.66088193456615,5.203893482686624,148.44576951852324,-1.8163518172769095,148.44576951852324,5.203893482686624,148.44576951852324,-1.8163518172769095,128.88123491210266,105.5,92.8,12.71,69.2,106.7,98.4,8.299999999999997,103.6,94.2,9.399999999999991,3.7236040859908406,141.25610954963594,0,106.22192945533487,99.95732183475141,6.264607620583462,4.012321089091147,103.04086859931576,93.20361094305294,9.837257656262821,10.355087782091484,2021-02-06,7.073635809892437,148.16538000104651,6.695928612139099,148.16538000104651,11.18,45.080000000000005,30.296018899558,33.900000000000006,14.783981100442006,1,0,0,1,1,0,0,1,1,0,0,1,1,0,0,1,1,0,1,0,1,0,0,1,1,0,0,1,5.528390319903812,0.8133333333333361,2.2125854798557176,4.098181818181818,3.3899999999999997,1,1.0,1,1,1,3,3.0,3.0
-5.0,-5,3.5,5.665593546602542,8.365167605322911,98.0,97.8,103.7,94.3,Tue 2-23 2-23,A,66 (I),Richmond,"L, 79-65",70,93.2,50.0,18.6,113.2,53.4,8.6,-3.5,9.0,147.5,99.070166015625,100.14033203125,100.00484569312492,103.61930619925148,96.0943359375,88.48867187500002,94.33925214652241,95.25413859392859,20210223,105.8,96.6,9.200000000000003,113.2,99.6,13.600000000000007,106.4,99.6,6.79,72.3,9.908744263659727,153.19016529866542,70.44879089615931,7.199869274369348,154.90443218403956,3.9501480987086035,154.90443218403956,7.199869274369348,154.90443218403956,3.9501480987086035,137.52606410306376,113.6,98.8,14.73,68.5,105.8,96.6,9.200000000000003,113.2,99.6,13.600000000000007,6.947846924010246,147.79594305019552,0,106.18970220000001,99.56161983,6.6280823700000155,5.347475661,105.1496858,101.0997571,4.049928699999995,-0.787581141,2021-02-23,2.3558268305021954,152.83674093923085,-2.304533724932398,152.83674093923085,-11.79,33.290000000000006,35.22401259970533,45.080000000000005,-1.9340125997053264,1,0,0,1,0,1,0,1,0,1,0,1,0,1,0,1,0,1,1,0,0,1,0,1,0,1,0,1,-1.1244064533974578,-3.29,5.528390319903812,2.774166666666665,4.098181818181818,-1,1.0,-1,1,1,-1,3.0,3.0
-10.5,-8,1.0,0.8437290310683632,5.244228040718747,98.2,99.86666666666666,107.0,98.86666666666667,Mon 3-01 3-01,A,41 (I),Saint Louis,"L, 78-57",65,87.1,50.0,26.0,119.2,55.0,19.9,-7.0,10.5,142.0,98.63508300781253,99.070166015625,99.4032304620833,102.63397779938757,101.54716796875,96.0943359375,98.55950143101494,97.38974975866884,20210301,104.8,97.5,7.299999999999998,108.8,94.6,14.200000000000005,105.1,99.4,5.64,72.2,11.823211351069588,146.35985864186773,69.94054054054055,9.081503601393521,147.07031682395223,7.63870510893403,147.07031682395223,9.081503601393521,147.07031682395223,7.63870510893403,132.4436858317181,111.2,94.6,16.61,68.1,104.8,97.5,7.299999999999998,108.8,94.6,14.200000000000005,6.224299843644653,137.58700544262297,0,106.18970220000001,99.56161983,6.6280823700000155,5.347475661,110.41163229999998,91.70604494,18.70558735999998,25.04023221,2021-03-01,13.137110097513187,148.6784663903428,16.029102092838457,148.6784663903428,-13.64,19.650000000000006,34.57934173313689,33.290000000000006,-14.929341733136887,1,0,0,1,0,1,0,1,0,1,0,1,0,1,0,1,0,1,1,0,1,0,0,1,1,0,0,1,-4.796270968931637,-4.64,-1.1244064533974578,1.5115384615384615,2.774166666666665,-1,-1.0,-1,1,1,-1,-1.0,3.0
29.0,39,8.466666666666663,13.86248602071224,11.545277487860789,130.7,108.96666666666664,90.8,100.5,Thu 3-04 3-04,N,194 (Ⅳ),Saint Joseph's,"W, 100-66",74,134.7,66.0,10.8,88.9,42.3,16.2,13.5,-5.0,152.5,114.66754150390624,98.63508300781253,109.8354869747222,107.73689092677164,96.173583984375,101.54716796875,95.97300095400995,96.19161343891085,20210304,107.7,103.2,4.5,107.7,104.9,2.799999999999997,105.0,99.4,5.59,72.3,-5.047342395278207,156.49677760217403,74.7682788051209,-1.3985576285004555,171.19990734761467,0.6676794501134127,171.19990734761467,-1.3985576285004555,171.19990734761467,0.6676794501134127,145.48100183675996,102.4,103.4,-0.95,72.7,107.7,103.2,4.5,107.7,104.9,2.799999999999997,-5.900444863103503,147.84619779886418,0,106.18970220000001,99.56161983,6.6280823700000155,5.347475661,96.50145101,102.6129774,-6.111526390000009,-4.5645819780000005,2021-03-04,-9.843150286046466,156.6247223455835,-7.411074890851822,156.6247223455835,33.41,53.06,29.602894488757933,19.650000000000006,23.45710551124207,1,0,1,0,0,1,1,0,0,1,1,0,0,1,1,0,0,1,0,1,1,0,1,0,1,0,1,0,8.27248602071224,2.8766666666666634,-4.796270968931637,3.7899999999999983,1.5115384615384615,1,-1.0,1,1,1,3,-1.0,-1.0
