ATS,EMRating,EMRating3GameEMA,EMRating5GameExpMA,EMRating10GameExpMA,AdjO,AdjO3GameEMA,AdjD,AdjD3GameEMA,Date,HomeAway,Op Rank,Opponent,Result,Pace,PPP,EFG%,TO%,PPP1,EFG%1,TO%1,OverUnder,ATSVegas,OverUnderVegas,AdjO3ExpMA,AdjO3ExpMAS,AdjO5ExpMA,AdjO10ExpMA,AdjD3ExpMA,AdjD3ExpMAS,AdjD5ExpMA,AdjD10ExpMA,DateNew,AdjOECurrent,AdjDECurrent,AdjEMCurrent,AdjOECurrentOpp,AdjDECurrentOpp,AdjEMCurrentOpp,PomAdjOECurrent,PomAdjDECurrent,PomAdjEMCurrent,PomAdjTCurrent,PomSpread,PomTotal,PomTempo,TRankSpread,TRankTotal,B3GSpread,B3GTotal,TRankLast10Spread,TRankLast10Total,MC5Spread,MC5Total,PomAdjOECurrentOpp,PomAdjDECurrentOpp,PomAdjEMCurrentOpp,PomAdjTCurrentOpp,AdjOELast10,AdjDELast10,AdjEMLast10,AdjOEOppLast10,AdjDEOppLast10,AdjEMOppLast10,MC10Spread,MC10Total,MC10Edge,AdjOE_MG,AdjDE_MG,AdjEM_MG,Adj_Margin_EM_MG,AdjOE_MG_Opp,AdjDE_MG_Opp,AdjEM_MG_Opp,Adj_Margin_EM_MG_Opp,Dates,MG_Spread,MG_Total,MG_Rank_Score_Dif,MG_Rank_Total,GameDifRating,DifCumSum,DifCumSumEMA,DifCumSumShifted,DifOverplayingandEMA,PomSpreadWinATS,PomSpreadLossATS,PomTotalWinTotal,PomTotalLossTotal,TRankSpreadWinATS,TRankSpreadLossATS,TRankTotalWinTotal,TRankTotalLossTotal,B3GSpreadWinATS,B3GSpreadLossATS,B3GTotalWinTotal,B3GTotalLossTotal,TRankLast10SpreadWinATS,TRankLast10SpreadLossATS,TRankLast10TotalWinTotal,TRankLast10TotalLossTotal,MC5SpreadWinATS,MC5SpreadLossATS,MC5TotalWinTotal,MC5TotalLossTotal,MG_SpreadWinATS,MG_SpreadLossATS,MG_TotalWinTotal,MG_TotalLossTotal,MG_Rank_Score_DifWinATS,MG_Rank_Score_DifLossATS,MG_Rank_TotalWinTotal,MG_Rank_TotalLossTotal,PlayingOverRating,PlayingOverRating3,PlayingOverRatingShift,RollingMeanDiffEM,RollingMeanDiffEMShift,PlayingOverPomeroyTrue,PlayingOverPomeroyShiftTrue,PlayingOverDailyTrue,RollingMeanDiffEMTrue,RollingMeanDiffEMShiftTrue,SignalSum,SignalSumShift,SignalSumShiftAfterGame
-10.5,-5,,-5.200000000000003,-5.200000000000003,79.1,0.0,84.3,0.0,Mon 12-28 12-28,A,272 (Ⅳ),Cal St. Northridge,"L, 66-63",76,82.9,37.3,18.4,86.9,37.9,13.2,-16.5,-7.5,145.5,79.1,0.0,79.1,79.1,84.3,0.0,84.3,84.3,20201228,107.0,97.7,9.299999999999997,93.7,112.0,-18.3,103.9,97.4,6.5,67.7,-7.709780106078128,144.7041135961386,69.43342816500711,-15.908593091198924,149.71456329678796,3.3940746886457447,149.71456329678796,-15.908593091198924,149.71456329678796,3.3940746886457447,117.63695070270082,99.0,109.2,-10.26,72.1,107.0,97.7,9.299999999999997,93.7,112.0,-18.3,3.2030260839424134,117.71454432724002,0,0.0,0.0,0.0,0.0,103.36249706532438,102.8828966010312,0.4796004642931706,6.606117882108326,2020-12-28,-0.0,0.0,,0.0,-11.5,-11.5,0.0,0.0,-11.5,0,1,1,0,0,1,0,1,1,0,0,1,0,1,0,1,1,0,1,0,1,0,1,0,0,1,1,0,-11.700000000000003,,0.0,-11.5,0.0,-1,0.0,-1,-1,1,-3,0.0,0.0
-3.0,-1,,-4.033333333333337,-4.563636363636366,108.1,0.0,109.8,0.0,Fri 1-29 1-29,A,124 (Ⅲ),Grand Canyon,"L, 70-62",62,99.7,35.6,19.3,112.6,60.2,16.1,-0.5,5.0,132.5,93.6,79.1,88.76666666666668,84.37272727272727,97.05,84.3,92.8,88.93636363636364,20210129,105.4,97.7,7.700000000000002,103.5,101.9,1.5999999999999943,102.9,98.0,4.92,67.7,2.409069272044782,127.97753751633721,62.88492176386914,-0.28776152103571917,134.5390747875807,9.590376240476589,134.5390747875807,-0.28776152103571917,134.5390747875807,9.590376240476589,104.41623784365025,103.4,100.3,3.11,65.3,105.4,97.7,7.700000000000002,103.5,101.9,1.5999999999999943,9.405062352704762,103.54326453718299,0,93.37946814279148,99.98380317596909,-6.604335033177605,-4.768205847008655,105.30750735801053,94.69771657071985,10.609790787290677,14.018743704703615,2021-01-29,14.390671658275238,125.39820492754117,13.65637704572383,125.39820492754117,-5.92,-17.42,-11.5,-11.5,-5.920000000000002,0,1,1,0,0,1,0,1,1,0,0,1,0,1,0,1,1,0,1,0,1,0,1,0,1,0,1,0,-8.953333333333337,,-11.700000000000003,-8.71,-11.5,-1,-1.0,-1,-1,-1,-3,-3.0,0.0
-9.5,-14,-7.033333333333331,-7.4222222222222225,-6.315702479338842,95.4,94.2,109.6,101.23333333333332,Sat 1-30 1-30,A,124 (Ⅲ),Grand Canyon,"L, 65-53",59,89.8,43.3,20.3,110.2,52.8,17.0,-13.5,2.5,131.5,94.5,93.6,90.9777777777778,86.37768595041321,103.325,97.05,98.4,92.69338842975206,20210130,105.3,97.6,7.700000000000002,103.3,101.9,1.3999999999999917,103.4,98.4,4.94,67.7,2.312350884337377,129.31416561700195,62.98122332859176,-0.42271291878559225,134.47612300242497,9.316172653122678,134.47612300242497,-0.42271291878559225,134.47612300242497,9.316172653122678,120.50781859681727,103.8,100.8,3.07,65.4,105.3,97.6,7.700000000000002,103.3,101.9,1.3999999999999917,9.17503605749162,122.51172861723057,0,93.41906095519016,99.80225938027256,-6.383198425082398,-4.723582350408747,105.55307982441677,94.69754936135558,10.855530463061186,14.177912553688733,2021-01-30,14.424398209486213,125.6436283422756,13.75122931066629,125.6436283422756,-18.94,-36.36,-13.473333333333334,-17.42,-22.886666666666663,0,1,1,0,0,1,0,1,1,0,0,1,0,1,0,1,1,0,1,0,1,0,1,0,1,0,1,0,-12.362222222222222,-11.973333333333333,-8.953333333333337,-12.120000000000001,-8.71,-1,-1.0,-1,-1,-1,-3,-3.0,-3.0
-20.5,-17,-11.0,-10.64814814814815,-8.27648384673178,105.8,103.10000000000002,122.9,114.1,Fri 2-05 2-05,H,205 (Ⅳ),Cal Baptist,"L, 85-75",66,113.0,55.8,13.6,128.0,58.7,7.5,18.5,-10.5,141.5,100.15,94.5,95.91851851851854,89.9090157776108,113.1125,103.325,106.56666666666668,98.18549962434257,20210205,103.8,98.7,5.099999999999994,101.6,110.3,-8.700000000000003,102.4,99.1,3.21,66.5,-12.666566381231391,141.76996839669653,67.06756756756758,-13.901866664168779,147.9012456440465,-0.03976129623269442,147.9012456440465,-13.901866664168779,147.9012456440465,-0.03976129623269442,141.94602954132768,100.4,109.9,-9.45,70.9,103.8,98.7,5.099999999999994,101.6,110.3,-8.700000000000003,-1.806322096958392,139.34647701049806,0,98.84142435038812,97.51688625752428,1.3245380928638468,1.1638133788424811,97.07865542034678,99.84523990078623,-2.766584480439448,1.8004136506391573,2021-02-05,-6.484205068838335,132.9856549748974,-1.4787720639913005,132.9856549748974,-20.21,-56.57,-21.102222222222224,-36.36,-35.467777777777776,0,1,1,0,0,1,1,0,1,0,1,0,0,1,1,0,1,0,1,0,1,0,0,1,1,0,0,1,-13.85814814814815,-14.21,-12.362222222222222,-14.1425,-12.120000000000001,-1,-1.0,-1,-1,-1,-3,-3.0,-3.0
20.5,22,-2.933333333333332,0.4012345679012324,-2.680759510962366,119.7,106.9666666666667,97.2,109.9,Sat 2-06 2-06,H,205 (Ⅳ),Cal Baptist,"W, 97-70",73,133.4,67.7,11.0,96.3,53.2,24.8,22.5,-6.5,144.5,109.925,100.15,103.8456790123457,95.32555836349978,105.15625,113.1125,103.44444444444444,98.00631787446213,20210206,103.9,98.8,5.1000000000000085,101.8,110.4,-8.600000000000009,102.3,99.1,3.2,66.5,-12.573398879019607,141.49470864904686,66.97297297297297,-13.8343456276516,148.04946202439908,2.4578944568409073,148.04946202439908,-13.8343456276516,148.04946202439908,2.4578944568409073,149.35639107430424,100.4,109.9,-9.42,70.8,103.9,98.8,5.1000000000000085,101.8,110.4,-8.600000000000009,-0.5584132051479237,145.10514079327857,0,98.37406194277777,97.2915505144123,1.0825114283654784,0.8816172407072459,97.00233033984283,99.26114858567792,-2.258818245835087,2.0401241084150685,2021-02-06,-5.936080457486568,131.87327143598782,-1.1267516304604754,131.87327143598782,18.8,-37.769999999999996,-32.924814814814816,-56.57,-4.84518518518518,1,0,0,1,1,0,1,0,0,1,1,0,1,0,1,0,0,1,1,0,0,1,0,1,0,1,0,1,-2.798765432098768,-6.133333333333332,-13.85814814814815,-7.554,-14.1425,-1,-1.0,-1,-1,-1,-3,-3.0,-3.0
-18.0,-18,-4.233333333333339,-5.765843621399182,-5.484257781696483,113.3,112.93333333333337,131.4,117.16666666666669,Fri 2-12 2-12,A,202 (Ⅳ),Seattle,"L, 83-72",64,111.8,50.9,18.6,128.9,62.5,10.9,17.5,-7.0,137.5,111.6125,109.925,106.9971193415638,98.59363866104523,118.278125,105.15625,112.76296296296294,104.07789644274172,20210212,104.6,101.2,3.3999999999999915,95.0,103.2,-8.200000000000003,103.7,101.1,2.59,66.8,-4.304050084907487,133.88422415880103,65.65974395448079,-4.103393554803603,137.2022461728205,5.462715814261733,137.2022461728205,-4.103393554803603,137.2022461728205,5.462715814261733,135.17559214404716,95.4,104.9,-9.55,69.1,104.6,101.2,3.3999999999999915,95.0,103.2,-8.200000000000003,0.7711854150424484,129.8757441472686,0,98.30926861417916,98.00214592511948,0.3071226890596819,0.5748352496824529,98.29496863716328,97.82368769655731,0.4712809406059648,-0.8128807444762907,2021-02-12,3.737432958316454,129.6260925577382,0.9251138612721945,129.6260925577382,-20.59,-58.36,-34.53987654320988,-37.769999999999996,-23.82012345679012,1,0,0,1,1,0,0,1,1,0,0,1,1,0,0,1,1,0,0,1,1,0,0,1,1,0,0,1,-8.355843621399181,-6.823333333333339,-2.798765432098768,-9.726666666666667,-7.554,-1,-1.0,-1,-1,-1,-3,-3.0,-3.0
0.5,9,4.566666666666663,-0.7438957475994559,-2.7962109122971226,105.3,112.7666666666667,96.0,108.2,Sat 2-13 2-13,A,202 (Ⅳ),Seattle,"W, 65-58",62,104.8,47.4,24.2,93.5,42.0,14.5,-16.5,-6.5,139.5,108.45625,111.6125,106.43141289437588,99.81297708630974,107.1390625,118.278125,107.1753086419753,102.60918799860686,20210213,101.3,105.4,-4.1000000000000085,94.2,100.8,-6.599999999999994,103.6,101.1,2.58,66.7,-4.419578391128027,133.1608156830401,65.37169274537698,1.8870564272009176,134.98311680027814,9.07028171402618,134.98311680027814,1.8870564272009176,134.98311680027814,9.07028171402618,148.25777761594784,95.2,105.0,-9.77,68.9,101.3,105.4,-4.1000000000000085,94.2,100.8,-6.599999999999994,1.7979157926781795,136.6402005849263,0,98.1881215214092,97.9218927101885,0.2662288112206994,0.332825522894835,98.18585845343269,97.72230159293898,0.4635568604937106,-0.9063936801429332,2021-02-13,3.73562073669342,128.8040978309559,1.0150595100308237,128.8040978309559,6.42,-51.94,-42.479917695473254,-58.36,-9.460082304526743,0,1,1,0,0,1,1,0,0,1,1,0,0,1,1,0,0,1,0,1,0,1,1,0,0,1,1,0,-3.323895747599456,1.9866666666666628,-8.355843621399181,-7.42,-9.726666666666667,-1,-1.0,-1,-1,-1,-3,-3.0,-3.0
-12.0,-5,-4.63333333333334,-2.1959304983996404,-3.215081655515829,99.1,105.90000000000003,104.2,110.53333333333336,Fri 2-19 2-19,N,185 (Ⅳ),Utah Valley,"L, 69-66",66,100.1,43.7,7.6,104.6,61.7,22.7,-3.0,-9.0,138.0,103.778125,108.45625,103.98760859625057,99.68334488879887,105.66953125,107.1390625,106.18353909465023,102.8984265443147,20210219,104.4,108.8,-4.399999999999992,101.7,105.9,-4.200000000000003,104.4,103.3,1.11,66.1,-5.997086097535089,140.73715047493684,66.00597439544808,0.060900872592938526,149.68703672873187,-2.5902027627135653,149.68703672873187,0.060900872592938526,149.68703672873187,-2.5902027627135653,156.17418167780923,99.3,107.0,-7.71,70.2,104.4,108.8,-4.399999999999992,101.7,105.9,-4.200000000000003,1.5582989465328587,142.42299740919935,0,96.6576963,95.97479851,0.6828977899999984,1.7403662290000002,98.6118657,100.0257273,-1.4138616000000042,0.359752281,2021-02-19,-1.3804362240208974,129.4651747714534,-0.9112876890168593,129.4651747714534,-6.11,-58.05,-45.633278463648836,-51.94,-12.416721536351162,1,0,0,1,1,0,0,1,1,0,0,1,1,0,0,1,1,0,0,1,1,0,1,0,1,0,1,0,-3.3059304983996407,-5.74333333333334,-3.323895747599456,-7.25625,-7.42,-1,-1.0,-1,-1,-1,-3,-3.0,-3.0
-1.0,6,3.63333333333333,0.7693796677335738,-1.4123395363311315,98.8,101.0666666666667,92.1,97.43333333333337,Sat 2-20 2-20,N,185 (Ⅳ),Utah Valley,"W, 67-60",66,101.5,44.2,13.6,90.9,46.5,21.2,-12.5,-8.0,139.5,101.2890625,103.778125,102.25840573083372,99.52273672719907,98.884765625,105.66953125,101.48902606310014,100.93507626353019,20210220,104.5,108.9,-4.400000000000006,101.9,105.9,-4.0,104.6,103.5,1.07,66.0,-5.8463828793443895,140.66512558119786,65.71834992887625,0.20457006008365397,149.34059103628377,-2.8715314087598904,149.34059103628377,0.20457006008365397,149.34059103628377,-2.8715314087598904,151.89040032653236,99.6,107.1,-7.56,70.0,104.5,108.9,-4.400000000000006,101.9,105.9,-4.0,1.4749494400543528,141.1717528397274,0,97.02167303551687,96.0829678492766,0.93870518624027,2.226322578658141,98.59905392354092,100.1711935086848,-1.5721395851438729,0.1404808940760441,2021-02-20,-1.6514319429006292,129.32160828626235,-1.370780737236032,129.32160828626235,4.93,-53.12,-49.77218564243256,-58.05,-3.3478143575674366,1,0,0,1,1,0,0,1,1,0,0,1,1,0,0,1,1,0,0,1,1,0,1,0,1,0,1,0,-0.30062033226642626,2.56333333333333,-3.3059304983996407,-5.902222222222221,-7.25625,-1,-1.0,-1,-1,-1,-3,-3.0,-3.0
19.5,30,10.566666666666665,10.54625311182238,4.3171767430017995,115.8,104.5666666666667,85.7,94.0,Fri 2-26 2-26,A,210 (Ⅳ),Tarleton St.,"W, 78-51",64,121.5,71.0,28.0,79.4,43.9,23.4,-1.0,-7.5,130.0,108.54453125,101.2890625,106.77227048722249,102.4822391404356,92.2923828125,98.884765625,96.22601737540012,98.1650623974338,20210226,103.3,107.2,-3.9000000000000057,99.6,106.8,-7.200000000000002,104.3,103.0,1.3,65.8,-6.29946753538146,128.62281815653006,60.839260312944525,1.578660010740208,135.7069544795881,-1.673705734159823,135.7069544795881,1.578660010740208,135.7069544795881,-1.673705734159823,134.45945793197166,95.4,109.9,-14.48,65.0,103.3,107.2,-3.9000000000000057,99.6,106.8,-7.200000000000002,-0.0447374527233598,128.51669529392478,0,96.6576963,95.97479851,0.6828977899999984,1.7403662290000002,98.62484597,98.91011937,-0.28527340000000834,-1.837947226,2021-02-26,2.7373076152042657,118.96938347051625,-0.4743512947330615,118.96938347051625,28.7,-24.419999999999998,-50.888123761621706,-53.12,26.468123761621708,0,1,1,0,0,1,0,1,0,1,0,1,0,1,0,1,0,1,0,1,0,1,1,0,0,1,1,0,9.24625311182238,9.266666666666664,-0.30062033226642626,-2.442,-5.902222222222221,1,-1.0,1,-1,-1,1,-3.0,-3.0
-18.0,-24,4.266666666666667,-0.9691645921184122,-0.8314008466348906,95.1,103.23333333333336,119.1,98.96666666666668,Sat 2-27 2-27,A,210 (Ⅳ),Tarleton St.,"L, 64-55",56,98.4,41.3,25.0,114.5,55.2,12.5,-9.5,-9.0,128.5,101.822265625,108.54453125,102.88151365814831,101.14001384217457,105.69619140625,92.2923828125,103.85067825026677,101.97141468880949,20210227,103.4,107.4,-4.0,99.7,106.9,-7.200000000000002,104.3,103.0,1.3,65.8,-6.29946753538146,128.62281815653006,60.839260312944525,1.6479953464289991,136.03184314253133,-6.3309703034657066,136.03184314253133,1.6479953464289991,136.03184314253133,-6.3309703034657066,127.06911923907974,95.4,109.9,-14.48,65.0,103.4,107.4,-4.0,99.7,106.9,-7.200000000000002,-2.9109549549585183,129.4035676650024,0,96.6576963,95.97479851,0.6828977899999984,1.7403662290000002,98.62484597,98.91011937,-0.28527340000000834,-1.837947226,2021-02-27,2.7373076152042657,118.96938347051625,-0.4743512947330615,118.96938347051625,-25.3,-49.72,-42.06541584108114,-24.419999999999998,-7.654584158918858,1,0,0,1,1,0,0,1,1,0,0,1,1,0,0,1,1,0,1,0,1,0,1,0,1,0,1,0,-2.269164592118412,2.966666666666667,9.24625311182238,-4.52,-2.442,-1,1.0,-1,-1,-1,-3,1.0,-3.0
9.0,13,6.433333333333333,3.7538902719210583,1.7197629436623632,104.5,105.13333333333334,91.3,98.7,Tue 3-02 3-02,N,274 (Ⅳ),UT Rio Grande Valley,"W, 69-51",65,106.0,44.1,18.4,78.3,41.8,24.6,-15.5,-9.0,135.5,103.1611328125,101.822265625,103.42100910543222,101.75092041632463,98.498095703125,105.69619140625,99.66711883351118,100.0311574726623,20210302,103.5,104.9,-1.4000000000000057,94.7,101.8,-7.099999999999994,103.4,103.4,-0.05,65.4,-4.031486991783623,133.1734536285854,65.30697012802277,-4.033529243682025,137.0941183901262,-4.299769662617436,137.0941183901262,-4.033529243682025,137.0941183901262,-4.299769662617436,128.39212743253282,96.1,102.1,-5.97,70.2,103.5,104.9,-1.4000000000000057,94.7,101.8,-7.099999999999994,-2.5974077192129235,132.9285376032154,0,96.6576963,95.97479851,0.6828977899999984,1.7403662290000002,90.7766282,96.14248109,-5.365852889999999,-0.694435105,2021-03-02,-3.8886828880484074,120.58448437439807,-1.5900949798720774,120.58448437439807,13.05,-36.67,-44.616943894054096,-49.72,7.946943894054094,0,1,1,0,0,1,0,1,0,1,0,1,0,1,0,1,0,1,1,0,0,1,1,0,0,1,1,0,3.803890271921058,6.4833333333333325,-2.269164592118412,-3.0558333333333336,-4.52,1,-1.0,1,-1,-1,1,-3.0,1.0
-2.0,2,-2.799999999999997,3.302593514614041,1.8434424084510248,113.7,104.43333333333334,111.3,107.23333333333336,Fri 3-05 3-05,A,321 (Ⅳ),Dixie St.,"W, 76-66",65,116.8,47.1,15.4,101.5,56.4,27.7,3.0,-12.0,139.0,108.43056640625,103.1611328125,106.84733940362149,103.92348034062924,104.8990478515625,98.498095703125,103.54474588900746,102.08003793217823,20210305,107.1,97.5,9.599999999999994,78.0,112.3,-34.3,103.2,102.5,0.74,65.2,-7.9343227573993005,139.17582593218475,68.53883357041254,-27.187221377340506,136.95309447147272,-7.62745766029338,136.95309447147272,-27.187221377340506,136.95309447147272,-7.62745766029338,133.07189740146097,91.3,107.5,-16.17,73.9,107.1,97.5,9.599999999999994,78.0,112.3,-34.3,-5.334336098810387,140.95730827236198,0,96.6576963,95.97479851,0.6828977899999984,1.7403662290000002,91.99812824,99.54125302,-7.543124779999999,-6.120331032999999,2021-03-05,-1.93336456374805,129.37294068244498,-3.510570548928996,129.37294068244498,1.26,-35.410000000000004,-41.96796259603607,-36.67,6.557962596036063,1,0,1,0,0,1,0,1,1,0,0,1,0,1,0,1,1,0,0,1,1,0,0,1,1,0,0,1,2.562593514614041,-3.5399999999999974,3.803890271921058,-2.723846153846154,-3.0558333333333336,1,1.0,1,-1,-1,1,1.0,-3.0
-0.5,8,8.000000000000005,5.0017290097426965,3.0355437887326584,94.9,104.36666666666667,86.5,96.36666666666667,Sat 3-06 3-06,A,321 (Ⅳ),Dixie St.,"W, 68-56",70,96.7,50.9,24.2,79.6,40.4,25.6,-16.0,-12.5,140.0,101.665283203125,108.43056640625,102.86489293574766,102.28284755142393,95.69952392578124,104.8990478515625,97.86316392600494,99.24730376269129,20210306,107.1,97.5,9.599999999999994,78.0,112.3,-34.3,104.0,102.8,1.11,64.9,-8.099376702375565,139.48035741603658,68.03883357041254,-26.994510355615134,135.98233065571748,-7.515161105968931,135.98233065571748,-26.994510355615134,135.98233065571748,-7.515161105968931,140.1411529041783,91.8,107.8,-16.02,73.7,107.1,97.5,9.599999999999994,78.0,112.3,-34.3,-7.7841882934064195,141.65608938557241,0,96.6576963,95.97479851,0.6828977899999984,1.7403662290000002,91.99812824,99.54125302,-7.543124779999999,-6.120331032999999,2021-03-06,-1.9196603070578746,128.45590722630408,-3.4849604650827075,128.45590722630408,6.89,-28.520000000000003,-39.78197506402405,-35.410000000000004,11.26197506402405,1,0,1,0,0,1,1,0,1,0,1,0,0,1,1,0,1,0,0,1,1,0,1,0,1,0,1,0,3.891729009742696,6.890000000000005,2.562593514614041,-2.0371428571428574,-2.723846153846154,1,1.0,1,-1,-1,1,1.0,1.0
