ATS,EMRating,EMRating3GameEMA,EMRating5GameExpMA,EMRating10GameExpMA,AdjO,AdjO3GameEMA,AdjD,AdjD3GameEMA,Date,HomeAway,Op Rank,Opponent,Result,Pace,PPP,EFG%,TO%,PPP1,EFG%1,TO%1,OverUnder,ATSVegas,OverUnderVegas,AdjO3ExpMA,AdjO3ExpMAS,AdjO5ExpMA,AdjO10ExpMA,AdjD3ExpMA,AdjD3ExpMAS,AdjD5ExpMA,AdjD10ExpMA,DateNew,AdjOECurrent,AdjDECurrent,AdjEMCurrent,AdjOECurrentOpp,AdjDECurrentOpp,AdjEMCurrentOpp,PomAdjOECurrent,PomAdjDECurrent,PomAdjEMCurrent,PomAdjTCurrent,PomSpread,PomTotal,PomTempo,TRankSpread,TRankTotal,B3GSpread,B3GTotal,TRankLast10Spread,TRankLast10Total,MC5Spread,MC5Total,PomAdjOECurrentOpp,PomAdjDECurrentOpp,PomAdjEMCurrentOpp,PomAdjTCurrentOpp,AdjOELast10,AdjDELast10,AdjEMLast10,AdjOEOppLast10,AdjDEOppLast10,AdjEMOppLast10,MC10Spread,MC10Total,MC10Edge,AdjOE_MG,AdjDE_MG,AdjEM_MG,Adj_Margin_EM_MG,AdjOE_MG_Opp,AdjDE_MG_Opp,AdjEM_MG_Opp,Adj_Margin_EM_MG_Opp,Dates,MG_Spread,MG_Total,MG_Rank_Score_Dif,MG_Rank_Total,GameDifRating,DifCumSum,DifCumSumEMA,DifCumSumShifted,DifOverplayingandEMA,PomSpreadWinATS,PomSpreadLossATS,PomTotalWinTotal,PomTotalLossTotal,TRankSpreadWinATS,TRankSpreadLossATS,TRankTotalWinTotal,TRankTotalLossTotal,B3GSpreadWinATS,B3GSpreadLossATS,B3GTotalWinTotal,B3GTotalLossTotal,TRankLast10SpreadWinATS,TRankLast10SpreadLossATS,TRankLast10TotalWinTotal,TRankLast10TotalLossTotal,MC5SpreadWinATS,MC5SpreadLossATS,MC5TotalWinTotal,MC5TotalLossTotal,MG_SpreadWinATS,MG_SpreadLossATS,MG_TotalWinTotal,MG_TotalLossTotal,MG_Rank_Score_DifWinATS,MG_Rank_Score_DifLossATS,MG_Rank_TotalWinTotal,MG_Rank_TotalLossTotal,PlayingOverRating,PlayingOverRating3,PlayingOverRatingShift,RollingMeanDiffEM,RollingMeanDiffEMShift,PlayingOverPomeroyTrue,PlayingOverPomeroyShiftTrue,PlayingOverDailyTrue,RollingMeanDiffEMTrue,RollingMeanDiffEMShiftTrue,SignalSum,SignalSumShift,SignalSumShiftAfterGame
-1.5,2,,2.1999999999999886,2.1999999999999886,110.6,0.0,108.4,0.0,Wed 11-25 11-25,A,5 (I-A),Iowa,"L, 97-67",69,97.2,47.4,21.8,140.7,56.1,13.1,17.5,28.5,146.5,110.6,0.0,110.6,110.6,108.4,0.0,108.4,108.4,20201125,96.8,107.6,-10.799999999999995,117.8,99.5,18.3,91.0,101.6,-10.66,70.4,26.99698271942634,146.21767975955373,73.60455192034141,27.60031960369308,168.48512151443526,9.442132762395175,168.48512151443526,27.60031960369308,168.48512151443526,9.442132762395175,191.03838077734642,113.2,92.0,21.23,73.5,96.8,107.6,-10.799999999999995,117.8,99.5,18.3,9.442132762395175,191.03838077734642,0,108.3622409,106.5014199,1.8608210000000014,1.476341764,112.278803,104.8343493,7.444453699999997,11.36773478,2020-11-25,9.409466653347664,175.5774269930498,9.473796511715534,175.5774269930498,12.66,12.66,0.0,0.0,12.66,0,1,0,1,0,1,1,0,0,1,1,0,0,1,1,0,0,1,1,0,0,1,1,0,0,1,1,0,12.859999999999989,,0.0,12.66,0.0,1,0.0,1,1,1,3,0.0,0.0
9.0,-8,,-1.4666666666666732,0.19999999999999107,103.9,0.0,112.7,0.0,Thu 11-26 11-26,N,303 (Ⅳ),Southern,"W, 85-78 OT",79,108.1,60.2,19.1,99.2,49.2,22.9,26.0,2.0,137.0,107.25,110.6,108.36666666666667,109.38181818181818,110.55,108.4,109.83333333333334,109.1818181818182,20201126,96.8,107.6,-10.799999999999995,100.5,103.9,-3.4000000000000057,91.0,101.6,-10.66,70.4,2.04237453302477,132.2731524782913,71.20113798008535,5.508513097669521,152.02033583547413,-19.792782808008326,152.02033583547413,5.508513097669521,152.02033583547413,-19.792782808008326,163.40512387932316,93.3,101.0,-7.63,71.1,96.8,107.6,-10.799999999999995,100.5,103.9,-3.4000000000000057,-19.792782808008326,163.40512387932316,0,108.3622409,106.5014199,1.8608210000000014,1.476341764,96.01775953,105.3230341,-9.305274569999995,-10.63199341,2020-11-26,-8.645835702159346,157.6123763045523,-8.621272434330955,157.6123763045523,2.66,15.32,12.66,12.66,2.66,0,1,0,1,0,1,1,0,1,0,1,0,0,1,1,0,1,0,1,0,1,0,1,0,1,0,1,0,9.193333333333326,,12.859999999999989,7.66,12.66,1,1.0,1,1,1,3,3.0,0.0
3.0,-6,-4.400000000000001,-3.17777777777778,-1.0363636363636428,96.4,103.63333333333333,103.0,108.03333333333336,Mon 12-07 12-07,A,187 (Ⅲ),Coastal Carolina,"L, 78-71",76,93.6,45.7,19.8,102.8,54.8,27.7,2.5,10.0,146.5,101.825,107.25,104.37777777777781,107.02148760330576,106.775,110.55,107.55555555555556,108.05785123966942,20201207,94.6,104.6,-10.0,99.3,101.0,-1.7000000000000028,93.4,103.5,-10.12,69.5,10.595863624322561,145.58657508561126,73.45448079658607,10.441261520787805,149.92234395737336,-3.7526753367819707,149.92234395737336,10.441261520787805,149.92234395737336,-3.7526753367819707,157.63976684380157,100.4,101.7,-1.3,74.3,94.6,104.6,-10.0,99.3,101.0,-1.7000000000000028,-3.8210990826301154,157.7004105657377,0,104.94678112637745,105.09980274822632,-0.1530216218488789,-2.4810885119900203,0.0,0.0,0.0,0.0,2020-12-07,-0.0,0.0,,0.0,4.119999999999999,19.439999999999998,13.546666666666667,15.32,5.893333333333331,0,1,0,1,0,1,1,0,1,0,1,0,0,1,1,0,1,0,1,0,1,0,0,1,1,0,0,1,6.942222222222219,5.719999999999998,9.193333333333326,6.479999999999999,7.66,1,1.0,1,1,1,3,3.0,3.0
18.5,10,-1.4999999999999951,1.5148148148148148,1.1338842975206571,106.0,102.09999999999998,95.1,103.60000000000002,Sat 12-12 12-12,A,39 (I-A),North Carolina,"L, 73-67",71,94.0,51.7,21.0,102.4,48.0,25.3,-2.5,24.5,142.5,103.9125,101.825,104.91851851851854,106.83576258452291,100.9375,106.775,103.40370370370373,105.70187828700224,20201212,95.1,104.7,-9.600000000000009,107.4,89.8,17.600000000000012,93.5,103.5,-9.96,69.7,25.393814553141148,141.52618952470502,72.37695590327169,24.1211011745497,147.01010309746286,17.892918567458167,147.01010309746286,24.1211011745497,147.01010309746286,17.892918567458167,145.5628858004454,108.9,88.7,20.27,73.0,95.1,104.7,-9.600000000000009,107.4,89.8,17.600000000000012,18.00412309221,145.61699942589482,0,106.85990980829435,101.5713371110146,5.288572697279747,2.5214556511340094,99.499689014387,92.75233277956774,6.747356234819264,8.608085514906596,2020-12-12,5.590096142912472,148.21514555618802,6.5446453012174,148.21514555618802,19.96,39.4,15.511111111111111,19.439999999999998,23.888888888888886,0,1,1,0,1,0,0,1,1,0,0,1,1,0,0,1,1,0,0,1,1,0,0,1,1,0,0,1,11.474814814814815,8.460000000000006,6.942222222222219,9.85,6.479999999999999,1,1.0,1,1,1,3,3.0,3.0
-3.5,-13,-3.0666666666666633,-3.490123456790123,-1.52682193839219,108.4,103.59999999999998,121.9,106.66666666666669,Mon 2-01 2-01,H,344 (Ⅳ),South Carolina St.,"W, 91-77",75,121.0,74.5,26.6,102.4,55.5,22.6,28.5,-17.5,139.5,106.15625,103.9125,106.07901234567906,107.12016938733692,111.41875,100.9375,109.56913580246916,108.64699132572909,20210201,97.9,106.7,-8.799999999999997,85.2,113.0,-27.8,96.7,105.2,-8.44,67.0,-16.797717129274552,137.76913358024237,69.19203413940255,-17.9683424155211,143.1824261900093,-25.291717142436696,143.1824261900093,-17.9683424155211,143.1824261900093,-25.291717142436696,149.43189534239076,85.9,112.9,-27.07,72.6,97.9,106.7,-8.799999999999997,85.2,113.0,-27.8,-25.400461762526216,143.52951077778212,0,101.21840514216206,102.0615848492704,-0.843179707108348,-3.365599476521343,88.92472613901067,104.68676230490473,-15.76203616589406,-12.706434118926895,2021-02-01,-14.674366718744594,139.68127383072488,-8.24480251297004,139.68127383072488,-4.5600000000000005,34.839999999999996,23.474074074074075,39.4,11.365925925925922,1,0,0,1,0,1,1,0,0,1,1,0,0,1,1,0,0,1,1,0,1,0,1,0,1,0,1,0,4.949876543209877,5.373333333333337,11.474814814814815,6.968,9.85,1,1.0,1,1,1,3,3.0,3.0
-16.0,-29,-10.733333333333334,-12.193415637860086,-6.631036131411793,83.3,99.2333333333333,112.9,109.9666666666667,Tue 2-02 2-02,H,344 (Ⅳ),South Carolina St.,"W, 64-63",68,94.7,46.6,14.8,93.2,51.0,26.6,-15.5,-17.0,142.5,94.728125,106.15625,98.48600823045273,102.78922949873021,112.159375,111.41875,110.6794238683128,109.42026563014198,20210202,98.0,106.8,-8.799999999999997,85.3,113.2,-27.90000000000001,96.8,105.3,-8.47,66.9,-16.838279293786726,137.71798264506504,68.99359886201992,-18.0108337189097,143.13962228674555,-25.297144213465675,143.13962228674555,-18.0108337189097,143.13962228674555,-25.297144213465675,158.1583932508852,86.0,113.1,-27.09,72.5,98.0,106.8,-8.799999999999997,85.3,113.2,-27.90000000000001,-24.701202953669192,149.4435245615101,0,101.24227437473944,102.06144289650163,-0.8191685217621938,-3.314052757800584,89.03953387497934,104.51222619675112,-15.472692321771774,-12.391330428993731,2021-02-02,-14.442885197048142,139.2621263089997,-8.042861385132312,139.2621263089997,-20.53,14.309999999999995,27.262716049382718,34.839999999999996,-12.952716049382722,1,0,1,0,0,1,0,1,0,1,0,1,0,1,0,1,0,1,0,1,1,0,1,0,1,0,1,0,-3.723415637860086,-2.2633333333333336,4.949876543209877,2.384999999999999,6.968,-1,1.0,-1,1,1,-1,3.0,3.0
-10.5,-32,-25.066666666666666,-18.828943758573388,-11.261756834791464,76.9,89.5333333333333,109.0,114.60000000000002,Mon 2-08 2-08,A,302 (Ⅳ),Florida A&M,"L, 59-50",63,78.8,38.9,20.5,93.0,49.1,18.9,-26.0,-1.5,135.0,85.8140625,94.728125,91.29067215363514,98.08209686259742,110.5796875,112.159375,110.11961591220852,109.34385369738888,20210208,97.5,108.7,-11.200000000000005,93.9,104.0,-10.099999999999994,96.5,106.4,-9.87,67.0,2.4914381053883474,129.7482767746117,65.66571834992888,4.286553627625935,137.03346205939596,2.9290319979478414,137.03346205939596,4.286553627625935,137.03346205939596,2.9290319979478414,131.04225636623957,92.5,103.8,-11.3,68.9,97.5,108.7,-11.200000000000005,93.9,104.0,-10.099999999999994,2.176018590112534,133.923520065233,0,101.06495360677894,102.0153025236375,-0.9503489168585588,-3.647175077298816,95.40668814827015,105.8182315664779,-10.411543418207756,-13.361120753611115,2021-02-08,-2.624434661387099,137.38185319132992,-4.696452769584603,137.38185319132992,-22.130000000000003,-7.820000000000007,22.94514403292181,14.309999999999995,-30.765144032921818,1,0,1,0,1,0,0,1,1,0,0,1,1,0,0,1,1,0,1,0,0,1,0,1,0,1,0,1,-8.958943758573389,-15.196666666666667,-3.723415637860086,-1.1171428571428592,2.384999999999999,-1,-1.0,-1,-1,1,-3,-1.0,3.0
-16.0,-24,-28.633333333333336,-20.619295839048927,-13.614164683011198,82.8,80.99999999999997,107.0,109.63333333333335,Tue 2-09 2-09,A,302 (Ⅳ),Florida A&M,"L, 60-47",61,77.2,36.1,19.7,98.6,53.2,21.4,-26.5,-3.0,133.5,84.30703125,85.8140625,88.46044810242344,95.30353379667062,108.78984375,110.5796875,109.07974394147236,108.9176984796818,20210209,97.6,108.8,-11.200000000000005,94.0,104.1,-10.099999999999994,96.7,106.6,-9.89,67.0,2.504229559420388,130.2705173716385,65.66571834992888,4.294916312968425,137.30574759227147,5.940182907467347,137.30574759227147,4.294916312968425,137.30574759227147,5.940182907467347,121.38399864759464,92.7,104.0,-11.31,68.9,97.6,108.8,-11.200000000000005,94.0,104.1,-10.099999999999994,5.996132375174909,130.93050843138585,0,101.04266824539171,102.00119782391305,-0.9585295785213361,-3.6344276965619953,95.34788395054495,105.79216325638343,-10.444279305838478,-13.405193780627133,2021-02-09,-2.64259628018921,137.29833651043367,-4.734052281454041,137.29833651043367,-14.11,-21.930000000000007,12.690096021947873,-7.820000000000007,-34.62009602194788,1,0,1,0,1,0,0,1,1,0,0,1,1,0,0,1,1,0,1,0,1,0,0,1,0,1,0,1,-10.729295839048927,-18.743333333333336,-8.958943758573389,-2.741250000000001,-1.1171428571428592,-1,-1.0,-1,-1,-1,-3,-3.0,-1.0
-19.5,-36,-30.9,-25.879530559365953,-17.757043831554622,96.1,85.26666666666664,132.5,116.1666666666667,Wed 2-24 2-24,H,299 (Ⅳ),North Carolina A&T,"L, 79-63",65,97.5,46.1,21.7,122.3,44.3,7.7,2.0,-3.5,140.0,90.203515625,84.30703125,91.00696540161562,95.4483458336396,120.644921875,108.78984375,116.88649596098159,113.2053896651942,20210224,94.1,111.0,-16.900000000000006,95.4,108.0,-12.599999999999996,95.6,108.6,-13.0,65.0,-1.7618639353491403,136.27903739864817,65.46230440967283,-1.0362880311113543,139.2497321510925,-0.1939003155927257,139.2497321510925,-1.0362880311113543,139.2497321510925,-0.1939003155927257,123.55392384864749,97.8,107.8,-10.02,70.8,94.1,111.0,-16.900000000000006,95.4,108.0,-12.599999999999996,-4.675509152552783,139.31745558102216,0,102.58757299999999,102.47722879999999,0.11034420000000011,-1.002376631,98.97442777,103.66184129999999,-4.687413529999986,-1.56695191,2021-02-24,-7.207022770420082,139.58913551671031,-2.1789813278404537,139.58913551671031,-23.0,-44.93000000000001,1.1500640146319139,-21.930000000000007,-46.08006401463192,1,0,0,1,1,0,0,1,1,0,0,1,1,0,0,1,1,0,0,1,0,1,0,1,1,0,0,1,-12.879530559365953,-17.9,-10.729295839048927,-4.992222222222223,-2.741250000000001,-1,-1.0,-1,-1,-1,-3,-3.0,-3.0
0.5,-11,-24.03333333333333,-21.08635370624397,-16.619399498544688,72.9,83.93333333333331,84.4,107.9666666666667,Sat 2-27 2-27,A,299 (Ⅳ),North Carolina A&T,"L, 55-53",71,74.7,37.5,33.8,77.6,39.8,15.5,-30.0,2.5,138.0,81.5517578125,90.203515625,84.97131026774375,91.34864659115965,102.5224609375,120.644921875,106.05766397398772,107.96804608970434,20210227,94.0,113.1,-19.099999999999994,96.1,107.8,-11.700000000000005,95.6,108.6,-13.0,65.0,5.871487335494365,136.3940843046587,65.46230440967284,8.886989119472645,141.14608519258283,16.455607342262972,141.14608519258283,8.886989119472645,141.14608519258283,16.455607342262972,132.5869661958991,97.8,107.8,-10.02,70.8,94.0,113.1,-19.099999999999994,96.1,107.8,-11.700000000000005,6.345794826305959,141.606042790629,0,102.58757299999999,102.47722879999999,0.11034420000000011,-1.002376631,98.97442777,103.66184129999999,-4.687413529999986,-1.56695191,2021-02-27,0.6032616686233325,139.40426644019902,1.4398133523189927,139.40426644019902,2.0,-42.93000000000001,-14.209957323578726,-44.93000000000001,-28.72004267642128,0,1,1,0,0,1,0,1,0,1,0,1,0,1,0,1,0,1,1,0,1,0,0,1,1,0,0,1,-8.086353706243969,-11.033333333333331,-12.879530559365953,-4.292999999999999,-4.992222222222223,-1,-1.0,-1,-1,-1,-3,-3.0,-3.0
-10.5,-16,-21.3,-19.390902470829317,-16.5067814079002,88.3,85.76666666666664,104.3,107.0666666666667,Wed 3-03 3-03,H,302 (Ⅳ),Florida A&M,"L, 65-58",69,84.3,36.9,18.9,94.5,47.1,26.2,-6.0,-3.5,129.0,84.92587890625,81.5517578125,86.08087351182917,90.79434721094879,103.41123046875,102.5224609375,105.4717759826585,107.30112861884899,20210303,96.4,107.2,-10.799999999999995,96.2,106.1,-9.899999999999991,94.0,106.9,-12.87,65.9,-2.018502537312699,121.9890000701787,64.02517780938834,-3.222570401528216,134.95636462549453,2.7897977808171417,134.95636462549453,-3.222570401528216,134.95636462549453,2.7897977808171417,112.47603567168014,90.6,100.7,-10.12,68.3,96.4,107.2,-10.799999999999995,96.2,106.1,-9.899999999999991,-3.2389175224696767,117.61351456445153,0,102.58757299999999,102.47722879999999,0.11034420000000011,-1.002376631,97.07166216,104.96661850000001,-7.894956340000007,-10.50662163,2021-03-03,-9.20306824714941,136.27428311559345,-7.774653546302929,136.27428311559345,-3.130000000000001,-46.06000000000001,-23.78330488238582,-42.93000000000001,-22.27669511761419,1,0,1,0,1,0,0,1,1,0,0,1,1,0,0,1,1,0,1,0,0,1,0,1,0,1,0,1,-6.520902470829318,-8.430000000000001,-8.086353706243969,-4.1872727272727275,-4.292999999999999,-1,-1.0,-1,-1,-1,-3,-3.0,-3.0
-0.5,-13,-13.699999999999998,-17.460601647219537,-15.978275697372887,107.4,89.5333333333333,121.0,103.23333333333336,Thu 3-04 3-04,H,302 (Ⅳ),Florida A&M,"W, 74-71",68,108.4,55.9,20.5,104.0,60.6,24.9,16.0,-3.5,129.0,96.162939453125,84.92587890625,93.18724900788612,93.81355680895813,112.205615234375,103.41123046875,110.64785065510569,109.791832506331,20210304,96.4,107.2,-10.799999999999995,96.2,106.1,-9.899999999999991,93.5,107.0,-13.5,66.1,-1.209286910123133,121.83280067874335,64.31351351351351,-3.236643549630898,135.54572674024422,-1.454401320903828,135.54572674024422,-3.236643549630898,135.54572674024422,-1.454401320903828,112.35412359793729,90.6,100.0,-9.45,68.4,96.4,107.2,-10.799999999999995,96.2,106.1,-9.899999999999991,-1.220362937798495,116.58926829882337,0,102.58757299999999,102.47722879999999,0.11034420000000011,-1.002376631,97.07166216,104.96661850000001,-7.894956340000007,-10.50662163,2021-03-04,-9.243258569253726,136.86940065529512,-7.8096664940416645,136.86940065529512,0.5,-45.56000000000001,-31.20886992159055,-46.06000000000001,-14.351130078409458,1,0,0,1,1,0,1,0,1,0,1,0,1,0,1,0,1,0,0,1,0,1,1,0,0,1,1,0,-3.960601647219537,-0.1999999999999975,-6.520902470829318,-3.796666666666667,-4.1872727272727275,-1,-1.0,-1,-1,-1,-3,-3.0,-3.0
