ATS,EMRating,EMRating3GameEMA,EMRating5GameExpMA,EMRating10GameExpMA,AdjO,AdjO3GameEMA,AdjD,AdjD3GameEMA,Date,HomeAway,Op Rank,Opponent,Result,Pace,PPP,EFG%,TO%,PPP1,EFG%1,TO%1,OverUnder,ATSVegas,OverUnderVegas,AdjO3ExpMA,AdjO3ExpMAS,AdjO5ExpMA,AdjO10ExpMA,AdjD3ExpMA,AdjD3ExpMAS,AdjD5ExpMA,AdjD10ExpMA,DateNew,AdjOECurrent,AdjDECurrent,AdjEMCurrent,AdjOECurrentOpp,AdjDECurrentOpp,AdjEMCurrentOpp,PomAdjOECurrent,PomAdjDECurrent,PomAdjEMCurrent,PomAdjTCurrent,PomSpread,PomTotal,PomTempo,TRankSpread,TRankTotal,B3GSpread,B3GTotal,TRankLast10Spread,TRankLast10Total,MC5Spread,MC5Total,PomAdjOECurrentOpp,PomAdjDECurrentOpp,PomAdjEMCurrentOpp,PomAdjTCurrentOpp,AdjOELast10,AdjDELast10,AdjEMLast10,AdjOEOppLast10,AdjDEOppLast10,AdjEMOppLast10,MC10Spread,MC10Total,MC10Edge,AdjOE_MG,AdjDE_MG,AdjEM_MG,Adj_Margin_EM_MG,AdjOE_MG_Opp,AdjDE_MG_Opp,AdjEM_MG_Opp,Adj_Margin_EM_MG_Opp,Dates,MG_Spread,MG_Total,MG_Rank_Score_Dif,MG_Rank_Total,GameDifRating,DifCumSum,DifCumSumEMA,DifCumSumShifted,DifOverplayingandEMA,PomSpreadWinATS,PomSpreadLossATS,PomTotalWinTotal,PomTotalLossTotal,TRankSpreadWinATS,TRankSpreadLossATS,TRankTotalWinTotal,TRankTotalLossTotal,B3GSpreadWinATS,B3GSpreadLossATS,B3GTotalWinTotal,B3GTotalLossTotal,TRankLast10SpreadWinATS,TRankLast10SpreadLossATS,TRankLast10TotalWinTotal,TRankLast10TotalLossTotal,MC5SpreadWinATS,MC5SpreadLossATS,MC5TotalWinTotal,MC5TotalLossTotal,MG_SpreadWinATS,MG_SpreadLossATS,MG_TotalWinTotal,MG_TotalLossTotal,MG_Rank_Score_DifWinATS,MG_Rank_Score_DifLossATS,MG_Rank_TotalWinTotal,MG_Rank_TotalLossTotal,PlayingOverRating,PlayingOverRating3,PlayingOverRatingShift,RollingMeanDiffEM,RollingMeanDiffEMShift,PlayingOverPomeroyTrue,PlayingOverPomeroyShiftTrue,PlayingOverDailyTrue,RollingMeanDiffEMTrue,RollingMeanDiffEMShiftTrue,SignalSum,SignalSumShift,SignalSumShiftAfterGame
-6.5,-11,,-11.800000000000011,-11.800000000000011,90.1,0.0,101.9,0.0,Wed 12-09 12-09,A,50 (I),UCLA,"L, 83-56",70,80.2,37.7,17.2,118.9,50.8,14.3,1.0,20.5,138.0,90.1,0.0,90.1,90.1,101.9,0.0,101.9,101.9,20201209,98.7,95.3,3.4000000000000057,110.6,94.0,16.599999999999994,97.7,97.1,0.59,72.7,15.559641083321665,137.84885501907968,70.32147937411096,13.079255828054059,142.895808275232,23.989652320444346,142.895808275232,13.079255828054059,142.895808275232,23.989652320444346,138.57541855508995,109.8,92.0,17.84,68.0,98.7,95.3,3.4000000000000057,110.6,94.0,16.599999999999994,24.19763071228953,138.4705894259912,0,0.0,0.0,0.0,0.0,107.14140585694288,100.61518232742979,6.526223529513089,14.296779640659487,2020-12-09,-0.0,0.0,,0.0,-11.59,-11.59,0.0,0.0,-11.59,0,1,0,1,0,1,1,0,1,0,1,0,0,1,1,0,1,0,1,0,0,1,0,1,0,1,0,1,-12.390000000000011,,0.0,-11.59,0.0,-1,0.0,-1,-1,1,-3,0.0,0.0
-3.5,-3,,-8.866666666666674,-10.200000000000008,95.5,0.0,98.5,0.0,Mon 12-14 12-14,H,104 (Ⅲ),Nevada,"L, 79-72",78,92.8,46.8,18.1,101.9,54.2,16.8,8.5,3.5,142.5,92.8,90.1,91.9,91.08181818181816,100.2,101.9,100.76666666666668,101.28181818181818,20201214,98.4,95.6,2.800000000000012,101.2,97.4,3.799999999999997,97.7,98.0,-0.28,72.4,-1.064123222181891,143.25150455754726,73.73883357041252,-3.3812746153011233,145.14815443462933,7.772040325054466,145.14815443462933,-3.3812746153011233,145.14815443462933,7.772040325054466,139.9117985590365,101.7,97.9,3.85,71.6,98.4,95.6,2.800000000000012,101.2,97.4,3.799999999999997,7.704153160535236,139.97161743922834,0,92.06041839355998,102.56288154651743,-10.502463152957446,-9.805604143996826,98.16100409010971,96.97981685044171,1.1811872396680059,-2.4834193454274915,2020-12-14,4.582141502423042,142.94284459029836,3.461471278459669,142.94284459029836,-2.7199999999999998,-14.309999999999999,-11.59,-11.59,-2.719999999999999,0,1,1,0,0,1,1,0,1,0,1,0,0,1,1,0,1,0,0,1,1,0,1,0,0,1,1,0,-8.586666666666675,,-12.390000000000011,-7.155,-11.59,-1,-1.0,-1,-1,-1,-3,-3.0,0.0
2.0,-2,-5.733333333333333,-6.711111111111113,-8.781818181818187,100.9,95.5,103.3,101.23333333333332,Wed 12-16 12-16,A,329 (Ⅳ),Cal Poly,"W, 70-61",68,103.4,50.8,19.2,90.1,46.7,20.7,-16.5,-7.0,147.5,96.85,92.8,94.9,92.86694214876032,101.75,100.2,101.61111111111113,101.64876033057851,20201216,98.4,96.4,2.0,95.9,106.6,-10.699999999999989,97.5,98.3,-0.82,73.3,-5.035881756299801,144.14804478174673,75.17681365576104,-5.316878541026526,151.30661654430202,0.06755291745036382,151.30661654430202,-5.316878541026526,151.30661654430202,0.06755291745036382,142.96323582569818,92.0,105.2,-13.22,72.1,98.4,96.4,2.0,95.9,106.6,-10.699999999999989,0.18074526220050025,142.98821113459294,0,92.7079369809589,103.28927791348721,-10.581340932528306,-9.983216954631152,93.83247897023905,108.75321344936778,-14.920734479128726,-19.204560030430265,2020-12-16,1.2532848166881223,151.7973444615676,-5.134555288291082,151.7973444615676,-1.1800000000000002,-15.489999999999998,-12.496666666666666,-14.309999999999999,-2.9933333333333323,0,1,1,0,0,1,0,1,0,1,0,1,0,1,0,1,0,1,1,0,0,1,0,1,0,1,0,1,-5.891111111111113,-4.913333333333333,-8.586666666666675,-5.163333333333333,-7.155,-1,-1.0,-1,-1,-1,-3,-3.0,-3.0
-28.0,-35,-13.533333333333333,-16.20740740740741,-13.585123966942152,85.8,94.06666666666668,121.0,107.59999999999998,Sat 12-19 12-19,A,117 (Ⅱ),UC Irvine,"L, 85-53",69,76.4,39.4,21.6,122.6,57.0,17.3,3.5,4.0,134.5,91.325,96.85,91.86666666666667,91.58204357625843,111.375,101.75,108.07407407407408,105.16716754320059,20201219,98.4,96.2,2.200000000000003,96.3,97.5,-1.2000000000000028,97.6,98.1,-0.58,72.2,4.226562132715628,136.06172289321393,72.2,1.4620058778698422,139.18973385016838,4.335331503717491,139.18973385016838,1.4620058778698422,139.18973385016838,4.335331503717491,134.44423205973598,96.8,96.7,0.12,70.3,98.4,96.2,2.200000000000003,96.3,97.5,-1.2000000000000028,4.357487885989274,134.35499480489807,0,94.17280641271324,101.5322288041787,-7.359422391465458,-6.800473214963574,90.59061187607143,103.13960485921068,-12.548992983139243,-1.4306924388010969,2020-12-19,0.10574417540415482,139.54101520595083,5.815381097961065,139.54101520595083,-34.42,-49.91,-13.494444444444444,-15.489999999999998,-36.41555555555556,1,0,1,0,0,1,1,0,1,0,1,0,0,1,1,0,1,0,0,1,0,1,1,0,1,0,1,0,-15.627407407407409,-12.953333333333333,-5.891111111111113,-12.4775,-5.163333333333333,-1,-1.0,-1,-1,-1,-3,-3.0,-3.0
5.0,1,-11.933333333333332,-10.20493827160494,-10.787828700225397,92.5,93.06666666666668,90.7,105.0,Thu 12-31 12-31,A,102 (Ⅱ),San Francisco,"L, 70-62",73,85.2,50.0,22.0,96.2,46.4,16.5,-13.5,13.0,145.5,91.9125,91.325,92.07777777777778,91.74894474421144,101.0375,111.375,102.28271604938273,102.53677344443683,20201231,98.1,99.2,-1.1000000000000083,105.4,96.3,9.100000000000009,97.8,100.6,-2.81,71.4,13.836265880828208,145.13486014056423,71.90782361308678,11.517292036513467,146.60115512144915,21.017961094214822,146.60115512144915,11.517292036513467,146.60115512144915,21.017961094214822,146.29647002396652,107.4,96.5,10.9,70.8,98.1,99.2,-1.1000000000000083,105.4,96.3,9.100000000000009,19.541908791072032,146.08152003829386,0,90.74283457214995,107.14954549261827,-16.406710920468328,-13.172596389903088,102.7108648702123,97.0284170951099,5.682447775102403,2.4718416921218798,2020-12-31,20.266935821477453,146.16511968513746,13.155268485060617,146.16511968513746,3.81,-46.099999999999994,-25.63296296296296,-49.91,-20.467037037037034,0,1,1,0,1,0,0,1,0,1,0,1,1,0,0,1,0,1,0,1,0,1,0,1,0,1,0,1,-7.394938271604939,-9.123333333333331,-15.627407407407409,-9.22,-12.4775,-1,-1.0,-1,-1,-1,-3,-3.0,-3.0
-2.0,-9,-14.300000000000002,-9.969958847736628,-10.553678027457144,84.9,87.73333333333333,94.4,102.03333333333332,Sun 1-17 1-17,H,154 (Ⅲ),Santa Clara,"L, 69-63",76,83.2,39.4,13.2,91.1,47.3,19.8,-7.0,4.0,139.0,88.40625,91.9125,89.68518518518519,90.50368206344572,97.71875,101.0375,99.65514403292185,101.05736009090288,20210117,98.1,99.0,-0.9000000000000057,96.5,95.2,1.2999999999999972,98.2,100.7,-2.49,70.5,0.011046720462829285,136.21208578005513,71.20199146514936,-2.291268523097287,137.5929419267889,-2.5383959619830088,137.5929419267889,-2.291268523097287,137.5929419267889,-2.5383959619830088,138.3830355069402,98.2,95.2,2.98,71.0,98.1,99.0,-0.9000000000000057,96.5,95.2,1.2999999999999972,2.796952504646268,128.7248892333297,0,91.5728178507445,103.71478051658957,-12.141962665845071,-9.327720957974051,91.73878751810177,93.8686555228594,-2.1298680047576255,1.4113504528529572,2021-01-17,3.000461633423555,131.75125564347258,5.7316895366688385,131.75125564347258,-6.51,-52.60999999999999,-32.45530864197531,-46.099999999999994,-20.154691358024685,0,1,1,0,0,1,1,0,0,1,1,0,0,1,1,0,0,1,1,0,0,1,1,0,1,0,1,0,-7.4799588477366274,-11.810000000000002,-7.394938271604939,-8.768333333333334,-9.22,-1,-1.0,-1,-1,-1,-3,-3.0,-3.0
6.5,7,-0.2333333333333343,-4.313305898491087,-7.362100204283116,99.6,92.33333333333336,92.6,92.56666666666663,Tue 1-19 1-19,A,100 (Ⅱ),Loyola Marymount,"L, 72-69 OT",73,95.0,43.8,11.0,99.1,52.7,20.6,5.5,9.5,135.5,94.003125,88.40625,92.99012345679013,92.15755805191013,95.159375,97.71875,97.30342935528122,99.51965825619324,20210119,97.6,99.4,-1.8000000000000114,100.8,95.0,5.799999999999998,97.6,100.6,-3.02,71.0,9.010385112430455,137.15369266218926,69.88904694167853,9.212020372924698,138.17169027543378,17.436828008623465,138.17169027543378,9.212020372924698,138.17169027543378,17.436828008623465,123.4906017219987,101.6,97.1,4.47,69.2,97.6,99.4,-1.8000000000000114,100.8,95.0,5.799999999999998,15.331211814285599,128.91790057645957,0,91.64602436160459,103.4821122264935,-11.83608786488891,-9.048568476438083,94.6378734845709,92.55862272902162,2.079250755549282,1.4115635885365203,2021-01-19,13.037890110958898,131.0185995668488,9.192655904384061,131.0185995668488,10.02,-42.58999999999999,-39.1735390946502,-52.60999999999999,-3.416460905349787,1,0,1,0,1,0,1,0,0,1,1,0,1,0,1,0,0,1,0,1,0,1,0,1,1,0,0,1,-1.2933058984910866,2.7866666666666657,-7.4799588477366274,-6.0842857142857145,-8.768333333333334,-1,-1.0,-1,-1,-1,-3,-3.0,-3.0
4.5,3,0.40000000000000097,-1.6422039323273898,-5.350809258049821,104.5,96.33333333333336,100.8,95.93333333333332,Sat 1-23 1-23,A,311 (Ⅳ),Portland,"W, 78-70",70,111.7,60.9,20.0,100.2,54.9,22.9,2.0,-3.5,146.0,99.2515625,94.003125,96.82674897119342,94.40163840610829,97.9796875,95.159375,98.46895290352082,99.75244766415814,20210123,98.1,99.7,-1.6000000000000083,96.1,105.6,-9.5,97.7,100.6,-2.88,70.2,-1.813754983350961,145.94406657394052,74.09445234708393,-1.6658073950733723,150.8460762960512,5.267714475859068,150.8460762960512,-1.6658073950733723,150.8460762960512,5.267714475859068,149.6994152444505,94.5,105.5,-10.97,74.2,98.1,99.7,-1.6000000000000083,96.1,105.6,-9.5,4.25435997958119,141.80456008815725,0,92.33216936362084,102.4623244347902,-10.13015507116937,-7.424871523292773,94.40087006287192,102.05364466909799,-7.652774606226075,-3.3490119118183483,2021-01-23,5.939284729983271,144.66351331430394,4.982870624287685,144.66351331430394,5.88,-36.70999999999999,-40.312359396433465,-42.58999999999999,3.602359396433478,0,1,0,1,0,1,1,0,0,1,1,0,0,1,1,0,0,1,1,0,0,1,0,1,0,1,0,1,1.23779606767261,3.2800000000000007,-1.2933058984910866,-4.58875,-6.0842857142857145,1,-1.0,1,-1,-1,1,-3.0,-3.0
1.5,5,5.433333333333333,0.7718640451150713,-3.359753029313491,101.0,101.7,95.4,96.26666666666664,Thu 1-28 1-28,H,1 (I-A),Gonzaga,"L, 90-62",74,83.9,50.9,23.0,121.8,64.4,17.6,-4.5,29.5,156.5,100.12578125,99.2515625,98.21783264746229,95.60134051408858,96.68984375,97.9796875,97.44596860234722,98.96109354340209,20210128,98.8,100.2,-1.4000000000000057,125.5,90.2,35.3,98.1,100.9,-2.75,69.9,22.967949663296764,157.83838408390866,74.57325746799432,23.333326325358385,162.96387630841093,28.162630462935777,162.96387630841093,23.333326325358385,162.96387630841093,28.162630462935777,155.03616576156557,124.2,90.1,34.15,75.0,98.8,100.2,-1.4000000000000057,125.5,90.2,35.3,25.629258174585814,157.38504343016743,0,92.41113835742796,102.40004332921404,-9.988904971786084,-7.089683202390332,116.5905862859792,94.37955577151531,22.211030514463886,19.9570042918108,2021-01-28,20.109376087704078,156.7623902737183,17.947206565717124,156.7623902737183,7.75,-28.959999999999987,-39.111572930955646,-36.70999999999999,10.151572930955659,1,0,0,1,1,0,0,1,1,0,0,1,1,0,0,1,1,0,1,0,1,0,0,1,1,0,0,1,3.5218640451150716,8.183333333333334,1.23779606767261,-3.217777777777778,-4.58875,1,1.0,1,-1,-1,1,1.0,-3.0
17.5,19,9.533333333333333,6.947909363410046,0.7602020669253253,97.1,100.86666666666667,77.8,91.33333333333331,Thu 2-18 2-18,A,154 (Ⅲ),Santa Clara,"W, 71-60",77,92.1,44.2,14.3,77.9,39.7,20.8,-7.0,6.5,138.0,98.612890625,100.12578125,97.84522176497488,95.87382405698156,87.24492187499997,96.68984375,90.8973124015648,95.11362199005623,20210218,98.4,101.1,-2.6999999999999886,97.2,97.5,-0.2999999999999972,98.4,101.5,-3.02,69.3,6.979047182234112,133.77971818410992,68.80711237553344,5.472589506467315,136.90254519058374,-0.37602263749070924,136.90254519058374,5.472589506467315,136.90254519058374,-0.37602263749070924,130.9497244654259,98.5,96.8,1.69,69.8,98.4,101.1,-2.6999999999999886,97.2,97.5,-0.2999999999999972,5.217000950409571,129.15866094256322,0,92.57091142016694,102.43353970148114,-9.862628281314201,-6.707793206961937,91.14142285177677,93.33072631155285,-2.1893034597760845,1.216072580328738,2021-02-18,8.452345680073044,126.80931407225947,7.3258806619016354,126.80931407225947,22.02,-6.939999999999987,-35.727715287303766,-28.959999999999987,28.78771528730378,0,1,1,0,1,0,1,0,1,0,1,0,1,0,1,0,1,0,1,0,0,1,1,0,0,1,1,0,9.967909363410046,12.553333333333333,3.5218640451150716,-0.6940000000000002,-3.217777777777778,1,1.0,1,-1,-1,1,1.0,1.0
-4.0,-3,7.099999999999999,3.4319395756067004,-0.03256194524291467,99.0,99.03333333333336,102.6,91.93333333333334,Sat 2-20 2-20,A,1 (I-A),Gonzaga,"L, 106-69",82,84.2,47.7,22.0,129.3,59.0,17.1,21.0,33.0,154.0,98.8064453125,98.612890625,98.23014784331659,96.44221968298493,94.9224609375,87.24492187499997,94.79820826770987,96.47478162822784,20210220,98.9,99.6,-0.6999999999999886,127.0,89.5,37.5,98.7,100.5,-1.83,69.7,33.84652120429829,158.64779756760274,73.76500711237554,33.17388054597485,162.9234002953358,28.631837573623116,162.9234002953358,33.17388054597485,162.9234002953358,28.631837573623116,147.67638457071007,126.9,88.6,38.33,74.4,98.9,99.6,-0.6999999999999886,127.0,89.5,37.5,32.14116597409685,152.4508738259651,0,92.57091142,102.4335397,-9.862628279999996,-6.707793207000001,114.92131119999999,97.09973007,17.821581129999984,14.81862536,2021-02-20,25.368258528286333,157.12686544394722,18.028145768937264,157.12686544394722,-1.17,-8.109999999999987,-26.13181019153584,-6.939999999999987,18.021810191535856,1,0,1,0,1,0,1,0,0,1,1,0,1,0,1,0,0,1,0,1,0,1,1,0,0,1,1,0,5.2619395756067,8.93,9.967909363410046,-0.7372727272727271,-0.6940000000000002,1,1.0,1,-1,-1,1,1.0,1.0
-7.5,-1,4.633333333333336,1.6879597170711351,-0.3539143188351115,106.7,100.93333333333334,108.5,96.3,Tue 2-23 2-23,H,111 (Ⅲ),Pacific,"L, 77-67",69,97.7,46.8,20.4,112.3,53.6,11.7,9.0,2.5,135.0,102.75322265625,98.8064453125,101.05343189554442,98.30727064971492,101.71123046875,94.9224609375,99.36547217847324,98.66118496855005,20210223,99.0,100.0,-1.0,104.2,98.7,5.5,98.7,100.8,-2.09,70.0,0.8101458271927839,132.20394000624395,65.51920341394026,0.5607839029126325,135.55634895374857,-1.3633238253323896,135.55634895374857,0.5607839029126325,135.55634895374857,-1.3633238253323896,128.3643375973788,104.1,99.3,4.79,65.8,99.0,100.0,-1.0,104.2,98.7,5.5,1.6571008719249236,125.1036484371227,0,92.57091142,102.4335397,-9.862628279999996,-6.707793207000001,102.94444250000001,98.62074684,4.323695660000013,11.87199432,2021-02-23,5.81099244926714,131.93854847625482,10.291421480055654,131.93854847625482,1.0899999999999999,-7.019999999999987,-20.124540127690558,-8.109999999999987,13.104540127690571,0,1,0,1,0,1,1,0,0,1,1,0,0,1,1,0,0,1,0,1,1,0,0,1,1,0,0,1,3.777959717071135,6.723333333333336,5.2619395756067,-0.5849999999999997,-0.7372727272727271,1,1.0,1,-1,-1,1,1.0,1.0
-1.5,-4,-3.3999999999999964,-0.4746935219525757,-1.1622935335923634,112.0,105.90000000000002,116.8,109.3,Sat 2-27 2-27,H,97 (Ⅲ),Pepperdine,"L, 90-84",75,112.6,57.6,17.4,120.7,66.7,22.8,25.0,4.5,149.0,107.376611328125,102.75322265625,104.70228793036293,100.79685780431221,109.255615234375,101.71123046875,105.17698145231552,101.95915133790457,20210227,99.4,100.2,-0.7999999999999972,107.0,100.6,6.400000000000006,98.5,101.2,-2.62,70.4,1.8914835490157884,147.34284795176904,71.10099573257469,1.0307774650919583,150.6018134268823,-4.259712487822748,150.6018134268823,1.0307774650919583,150.6018134268823,-4.259712487822748,150.85544174427062,107.2,101.5,5.68,71.0,99.4,100.2,-0.7999999999999972,107.0,100.6,6.400000000000006,4.199909761225832,143.9541795481265,0,92.57091142,102.4335397,-9.862628279999996,-6.707793207000001,98.51849525,103.27373829999999,-4.75524304999999,-11.65552444,2021-02-27,-0.13594970037708265,142.86126360097512,-5.325923029594939,142.86126360097512,-1.38,-8.399999999999988,-15.756360085127035,-7.019999999999987,7.356360085127047,0,1,0,1,0,1,1,0,0,1,1,0,0,1,1,0,0,1,1,0,0,1,0,1,0,1,0,1,2.1453064780474245,-0.7799999999999963,3.777959717071135,-0.6461538461538459,-0.5849999999999997,1,1.0,1,-1,-1,1,1.0,1.0
-9.0,-21,-9.299999999999997,-7.416462347968383,-4.823694709302842,75.8,98.16666666666669,97.1,107.46666666666664,Thu 3-04 3-04,N,102 (Ⅲ),San Francisco,"L, 67-51",69,74.3,34.4,14.6,97.6,51.8,16.0,-24.0,7.0,142.0,91.58830566406247,107.376611328125,95.06819195357531,96.25197456716451,103.1778076171875,109.255615234375,102.4846543015437,101.07566927646737,20210304,101.3,97.4,3.899999999999992,103.7,97.8,5.900000000000006,99.1,101.8,-2.76,70.8,7.36422114180165,142.11644101314192,69.08790896159316,1.3668684107202438,141.52166769226415,-1.9398644072565752,141.52166769226415,1.3668684107202438,141.52166769226415,-1.9398644072565752,149.6522391445892,106.8,98.9,7.91,68.6,101.3,97.4,3.899999999999992,103.7,97.8,5.900000000000006,4.358613463452579,139.45934687221003,0,92.57091142,102.4335397,-9.862628279999996,-6.707793207000001,100.89230699999999,96.87348117,4.018825829999983,3.490986007,2021-03-04,9.670004720141321,136.5342148281668,7.0461232985622075,136.5342148281668,-18.240000000000002,-26.63999999999999,-13.304240056751354,-8.399999999999988,-13.335759943248636,1,0,0,1,0,1,1,0,0,1,1,0,0,1,1,0,0,1,0,1,1,0,1,0,1,0,1,0,-4.656462347968383,-6.539999999999997,2.1453064780474245,-1.902857142857143,-0.6461538461538459,-1,1.0,-1,-1,-1,-3,1.0,1.0
