ATS,EMRating,EMRating3GameEMA,EMRating5GameExpMA,EMRating10GameExpMA,AdjO,AdjO3GameEMA,AdjD,AdjD3GameEMA,Date,HomeAway,Op Rank,Opponent,Result,Pace,PPP,EFG%,TO%,PPP1,EFG%1,TO%1,OverUnder,ATSVegas,OverUnderVegas,AdjO3ExpMA,AdjO3ExpMAS,AdjO5ExpMA,AdjO10ExpMA,AdjD3ExpMA,AdjD3ExpMAS,AdjD5ExpMA,AdjD10ExpMA,DateNew,AdjOECurrent,AdjDECurrent,AdjEMCurrent,AdjOECurrentOpp,AdjDECurrentOpp,AdjEMCurrentOpp,PomAdjOECurrent,PomAdjDECurrent,PomAdjEMCurrent,PomAdjTCurrent,PomSpread,PomTotal,PomTempo,TRankSpread,TRankTotal,B3GSpread,B3GTotal,TRankLast10Spread,TRankLast10Total,MC5Spread,MC5Total,PomAdjOECurrentOpp,PomAdjDECurrentOpp,PomAdjEMCurrentOpp,PomAdjTCurrentOpp,AdjOELast10,AdjDELast10,AdjEMLast10,AdjOEOppLast10,AdjDEOppLast10,AdjEMOppLast10,MC10Spread,MC10Total,MC10Edge,AdjOE_MG,AdjDE_MG,AdjEM_MG,Adj_Margin_EM_MG,AdjOE_MG_Opp,AdjDE_MG_Opp,AdjEM_MG_Opp,Adj_Margin_EM_MG_Opp,Dates,MG_Spread,MG_Total,MG_Rank_Score_Dif,MG_Rank_Total,GameDifRating,DifCumSum,DifCumSumEMA,DifCumSumShifted,DifOverplayingandEMA,PomSpreadWinATS,PomSpreadLossATS,PomTotalWinTotal,PomTotalLossTotal,TRankSpreadWinATS,TRankSpreadLossATS,TRankTotalWinTotal,TRankTotalLossTotal,B3GSpreadWinATS,B3GSpreadLossATS,B3GTotalWinTotal,B3GTotalLossTotal,TRankLast10SpreadWinATS,TRankLast10SpreadLossATS,TRankLast10TotalWinTotal,TRankLast10TotalLossTotal,MC5SpreadWinATS,MC5SpreadLossATS,MC5TotalWinTotal,MC5TotalLossTotal,MG_SpreadWinATS,MG_SpreadLossATS,MG_TotalWinTotal,MG_TotalLossTotal,MG_Rank_Score_DifWinATS,MG_Rank_Score_DifLossATS,MG_Rank_TotalWinTotal,MG_Rank_TotalLossTotal,PlayingOverRating,PlayingOverRating3,PlayingOverRatingShift,RollingMeanDiffEM,RollingMeanDiffEMShift,PlayingOverPomeroyTrue,PlayingOverPomeroyShiftTrue,PlayingOverDailyTrue,RollingMeanDiffEMTrue,RollingMeanDiffEMShiftTrue,SignalSum,SignalSumShift,SignalSumShiftAfterGame
17.5,1,,1.2999999999999972,1.2999999999999972,97.0,0.0,95.7,0.0,Wed 12-02 12-02,A,131 (Ⅲ),Texas A&M,"L, 73-66",75,88.4,56.8,29.5,97.8,43.8,26.8,9.0,24.5,130.0,97.0,0.0,97.0,97.0,95.7,0.0,95.7,95.7,20201202,88.4,108.5,-20.099999999999994,101.5,91.4,10.099999999999994,91.6,107.7,-16.12,71.2,23.908548579800076,137.3998200597887,70.99743954480796,25.19069110498203,139.30072953443334,16.813655518241124,139.30072953443334,25.19069110498203,139.30072953443334,16.813655518241124,125.27040632814618,103.1,90.2,12.86,70.1,88.4,108.5,-20.099999999999994,101.5,91.4,10.099999999999994,16.813655518241124,125.27040632814618,0,0.0,0.0,0.0,0.0,97.29040291959377,92.87143755497075,4.41896536462302,6.027550259869666,2020-12-02,-0.0,0.0,,0.0,17.12,17.12,0.0,0.0,17.12,1,0,1,0,0,1,1,0,1,0,1,0,0,1,1,0,1,0,0,1,1,0,0,1,1,0,0,1,17.419999999999998,,0.0,17.12,0.0,1,0.0,1,1,1,3,0.0,0.0
-7.0,-20,,-6.100000000000002,-2.7363636363636403,77.8,0.0,98.7,0.0,Sat 12-05 12-05,A,113 (Ⅱ),Abilene Christian,"L, 69-48",69,69.5,44.3,40.5,99.8,49.1,20.3,-21.5,14.0,138.5,87.4,97.0,90.6,93.5090909090909,97.2,95.7,96.70000000000002,96.24545454545456,20201205,88.9,106.8,-17.899999999999988,99.2,92.0,7.200000000000002,91.7,106.3,-14.68,72.2,16.87607838201894,141.2857706187875,74.04864864864865,22.261350656285195,142.5982600506014,13.998590816547878,142.5982600506014,22.261350656285195,142.5982600506014,13.998590816547878,126.56208138003907,98.2,94.7,3.49,72.1,88.9,106.8,-17.899999999999988,99.2,92.0,7.200000000000002,13.960253040709734,126.54846554621317,0,101.03361235855566,93.7619045395735,7.271707818982165,-0.6354149135750733,102.82119889564844,90.66624508229543,12.154953813353004,12.20026035340962,2020-12-05,7.619217404907374,142.3977662351567,11.697896807024179,142.3977662351567,-5.32,11.8,17.12,17.12,-5.32,1,0,0,1,1,0,0,1,0,1,0,1,1,0,0,1,0,1,1,0,0,1,0,1,0,1,0,1,8.579999999999998,,17.419999999999998,5.9,17.12,1,1.0,-1,1,1,1,3.0,0.0
7.0,-3,-7.666666666666668,-5.199999999999998,-2.8570247933884305,110.7,95.16666666666669,114.1,102.83333333333331,Fri 1-08 1-08,H,128 (Ⅲ),Grand Canyon,"L, 75-72",67,106.8,50.0,13.4,111.3,50.0,17.8,13.0,10.0,134.0,99.05,87.4,97.3,96.63471074380163,105.65,97.2,102.5,99.49173553719008,20210108,91.2,109.4,-18.200000000000006,104.7,102.5,2.200000000000003,93.3,108.7,-15.39,69.9,8.000157689181115,135.36693197101832,66.12162162162163,10.330977892997822,140.63071075444196,6.756164075572131,140.63071075444196,10.330977892997822,140.63071075444196,6.756164075572131,126.17488696674211,103.1,100.9,2.22,66.5,91.2,109.4,-18.200000000000006,104.7,102.5,2.200000000000003,7.0625243336093,123.6157028473225,0,94.30113296914995,94.27698008556412,0.024152883585827567,-4.679940703518657,104.52095106264936,97.34354046985665,7.177410592792711,11.274737410373517,2021-01-08,0.9591721711000787,128.9116999394977,8.637038276656945,128.9116999394977,12.39,24.19,15.34666666666667,11.8,8.843333333333332,1,0,1,0,0,1,1,0,1,0,1,0,0,1,1,0,1,0,0,1,1,0,0,1,1,0,0,1,10.190000000000001,7.723333333333333,8.579999999999998,8.063333333333333,5.9,1,1.0,1,1,1,3,1.0,3.0
-2.5,-7,-10.633333333333333,-5.999999999999997,-3.7193839218632596,88.4,92.3,96.0,102.93333333333334,Sat 1-09 1-09,H,128 (Ⅲ),Grand Canyon,"L, 59-48",60,80.3,35.8,15.1,98.7,53.7,25.1,-27.5,8.5,134.5,93.725,99.05,94.33333333333336,95.13749060856495,100.825,105.65,100.33333333333336,98.85687453042824,20210109,91.2,109.4,-18.200000000000006,104.8,102.6,2.200000000000003,93.2,108.6,-15.4,69.9,8.053387149790417,134.9664187896144,66.02219061166431,10.324417891648565,140.5609000837108,5.400446307781059,140.5609000837108,10.324417891648565,140.5609000837108,5.400446307781059,138.36356721150165,103.1,100.8,2.26,66.4,91.2,109.4,-18.200000000000006,104.8,102.6,2.200000000000003,5.132565305187658,133.40241157623484,0,93.27409702,94.63679745,-1.3627004300000038,-4.953317376,106.1534719,97.43885876,8.714613139999997,13.11454582,2021-01-09,2.8557369184349923,129.353748808546,10.004742636397552,129.353748808546,8.4,32.59,18.294444444444444,24.19,14.29555555555556,0,1,0,1,1,0,0,1,0,1,0,1,1,0,0,1,0,1,0,1,0,1,1,0,1,0,1,0,9.400000000000002,4.7666666666666675,10.190000000000001,8.147499999999999,8.063333333333333,1,1.0,1,1,1,3,3.0,1.0
-4.0,-15,-8.799999999999997,-9.133333333333333,-5.843132299706305,97.8,98.96666666666664,113.2,107.76666666666668,Fri 1-15 1-15,A,212 (Ⅳ),Cal Baptist,"L, 83-74",71,104.6,54.3,12.7,117.4,57.7,18.4,14.5,5.0,142.5,95.7625,93.725,95.48888888888894,95.62158322518951,107.0125,100.825,104.62222222222223,101.46471552489582,20210115,91.7,107.8,-16.099999999999994,100.9,111.1,-10.199999999999989,93.2,108.3,-15.05,69.1,7.110626829236253,144.23881885397202,69.19829302987198,9.061679456834497,149.39821144968278,4.299387907639401,149.39821144968278,9.061679456834497,149.39821144968278,4.299387907639401,140.34562642407272,98.7,109.9,-11.21,70.4,91.7,107.8,-16.099999999999994,100.9,111.1,-10.199999999999989,4.421532286809805,140.37582633629935,0,93.1299887559006,94.8885991869351,-1.7586104310344979,-5.1184119052097525,101.14488537169319,105.39467451322314,-4.249789141529945,-3.594614530494176,2021-01-15,2.3067550047170613,137.51262994072744,2.9075842594671286,137.51262994072744,0.05000000000000071,32.64,23.059629629629633,32.59,9.580370370370368,1,0,1,0,1,0,1,0,0,1,1,0,1,0,1,0,0,1,0,1,0,1,0,1,0,1,0,1,5.916666666666668,6.2500000000000036,9.400000000000002,6.527999999999999,8.147499999999999,1,1.0,1,1,1,3,3.0,3.0
-0.5,-11,-11.5,-9.922222222222222,-6.871653699759704,92.8,93.0,104.3,104.5,Sat 1-16 1-16,A,212 (Ⅳ),Cal Baptist,"L, 73-67",67,99.3,42.7,10.4,108.2,62.5,26.7,-3.5,5.5,143.5,94.28125,95.7625,94.5925925925926,95.10856809333687,105.65625,107.0125,104.51481481481484,101.98022179309658,20210116,91.7,107.7,-16.0,100.9,110.9,-10.0,93.3,108.3,-15.03,69.2,7.0472440813438055,144.5212311904075,69.29843527738265,9.127317578486682,149.4082501940523,3.5223700329203114,149.4082501940523,9.127317578486682,149.4082501940523,3.5223700329203114,141.01532347807986,98.7,109.9,-11.15,70.4,91.7,107.7,-16.0,100.9,110.9,-10.0,6.923201027652157,144.55746935521768,0,95.70158288338206,96.18585866008804,-0.4842757767059851,-4.7962854757081015,102.59238054075131,106.86685403855614,-4.274473497804834,-1.9932469559598236,2021-01-16,1.4416192933006897,142.51981880158024,3.8169474658454305,142.51981880158024,4.029999999999999,36.67,26.25308641975309,32.64,10.416913580246913,1,0,0,1,1,0,0,1,0,1,0,1,1,0,0,1,0,1,1,0,0,1,1,0,0,1,1,0,5.107777777777777,3.5299999999999994,5.916666666666668,6.111666666666668,6.527999999999999,1,1.0,1,1,1,3,3.0,3.0
-2.0,-4,-10.333333333333334,-7.981481481481481,-6.367716663439755,118.2,102.93333333333332,122.3,113.26666666666668,Sun 1-17 1-17,A,134 (Ⅱ),Weber St.,"L, 94-79",70,113.1,54.5,11.5,134.6,72.0,17.2,33.0,13.0,140.0,106.240625,94.28125,102.46172839506175,99.30701025818472,113.978125,105.65625,110.44320987654324,105.67472692162448,20210117,91.9,107.8,-15.899999999999993,96.3,104.8,-8.5,93.6,108.9,-15.31,69.3,10.102669743562018,140.3392943963401,69.8914651493599,9.37457755266793,143.33357618636683,15.107184154332383,143.33357618636683,9.37457755266793,143.33357618636683,15.107184154332383,137.86713579745734,96.6,102.9,-6.25,70.9,91.9,107.8,-15.899999999999993,96.3,104.8,-8.5,14.190979952603998,137.61107582263918,0,96.825079006278,96.12320888640892,0.7018701198690849,-1.3506533342364635,105.39922874579456,94.07743892523766,11.321789820556901,6.960903591899685,2021-01-17,11.167765251903852,137.86538167355772,7.820925142032507,137.86538167355772,11.31,47.980000000000004,29.72539094650206,36.67,18.254609053497944,0,1,1,0,0,1,1,0,1,0,1,0,0,1,1,0,1,0,0,1,0,1,0,1,0,1,0,1,7.3285185185185195,4.976666666666667,5.107777777777777,6.854285714285714,6.111666666666668,1,1.0,1,1,1,3,3.0,3.0
-7.0,-17,-10.933333333333332,-11.054320987654322,-8.337222724632527,95.0,102.0,112.2,112.93333333333334,Fri 1-29 1-29,A,186 (Ⅲ),Utah Valley,"L, 73-60",64,93.7,44.1,14.1,114.0,69.8,28.1,-7.5,6.0,140.5,100.6203125,106.240625,99.97448559670784,98.52391748396931,113.0890625,113.978125,111.02880658436216,106.86114020860184,20210129,95.0,110.1,-15.099999999999996,97.6,104.3,-6.700000000000002,95.1,110.5,-15.41,68.5,9.450951846098945,144.0577661688035,69.27951635846372,10.041144639311838,146.68509904798736,11.705316173618714,146.68509904798736,10.041144639311838,146.68509904798736,11.705316173618714,146.2856302622844,98.0,105.6,-7.54,71.1,95.0,110.1,-15.099999999999996,97.6,104.3,-6.700000000000002,8.547536007937474,142.02136076036703,0,98.85972899608844,97.6463684426164,1.2133605534720289,-1.1636594935965583,98.22501085601655,100.22028274452379,-1.995271888507233,-0.3093445650207792,2021-01-29,1.6275661471797633,138.2611775115824,2.51740484750394,138.2611775115824,-1.5899999999999999,46.39,35.81026063100138,47.980000000000004,10.579739368998624,1,0,0,1,1,0,0,1,1,0,0,1,1,0,0,1,1,0,0,1,0,1,1,0,0,1,1,0,4.355679012345679,4.476666666666668,7.3285185185185195,5.79875,6.854285714285714,1,1.0,1,1,1,3,3.0,3.0
14.5,14,-2.333333333333333,-2.6028806584362165,-4.221364047426613,116.0,109.7333333333333,101.7,112.06666666666666,Sat 1-30 1-30,A,186 (Ⅲ),Utah Valley,"W, 70-62",60,115.8,53.9,11.6,102.6,48.9,19.9,-7.0,6.5,139.0,108.31015625,100.6203125,105.31632373113855,101.70138703233853,107.39453125,113.0890625,107.9192043895748,105.92275107976513,20210130,95.1,110.0,-14.900000000000004,97.6,104.2,-6.6000000000000085,95.5,110.9,-15.34,68.5,9.58272290047995,145.26772566757703,69.27951635846372,9.963626475273713,146.6202682168509,15.575002085703378,146.6202682168509,9.963626475273713,146.6202682168509,15.575002085703378,148.53737926292504,98.5,106.0,-7.5,71.1,95.1,110.0,-14.900000000000004,97.6,104.2,-6.6000000000000085,10.497123352815688,142.6125240484397,0,98.60759060684832,97.57595472264343,1.0316358842048885,-1.443529047535659,98.19357318122142,100.08729447175129,-1.893721290529868,-0.3008179116551209,2021-01-30,1.8194206391859353,137.92370773422192,2.714572554432152,137.92370773422192,29.34,75.73,39.336840420667585,46.39,36.39315957933242,0,1,0,1,0,1,0,1,0,1,0,1,0,1,0,1,0,1,0,1,1,0,1,0,1,0,1,0,12.737119341563783,13.006666666666668,4.355679012345679,8.414444444444444,5.79875,1,1.0,1,1,1,3,3.0,3.0
19.5,13,3.5333333333333314,2.764746227709189,-0.9992978569854114,107.0,106.0,93.5,102.46666666666664,Fri 2-19 2-19,A,320 (Ⅳ),Dixie St.,"W, 77-59",69,111.5,56.0,18.8,85.4,33.9,21.7,-7.0,1.5,143.0,107.655078125,108.31015625,105.87754915409236,102.66477120827696,100.447265625,107.39453125,103.11280292638321,103.66406906526238,20210219,100.8,107.5,-6.700000000000002,93.2,108.0,-14.799999999999995,96.6,110.1,-13.58,65.8,1.8134270589606558,143.53439554261283,69.82475106685632,-2.016944856056128,149.26119679487903,0.8093401926492384,149.26119679487903,-2.016944856056128,149.26119679487903,0.8093401926492384,147.11680838615717,92.4,108.6,-16.26,74.6,100.8,107.5,-6.700000000000002,93.2,108.0,-14.799999999999995,-3.365619635756829,140.7197599001458,0,98.62484597,98.91011937,-0.28527340000000834,-1.837947226,91.99812824,99.54125302,-7.543124779999999,-6.120331032999999,2021-02-19,-1.3447704856268672,135.0762627585525,-1.112866674862886,135.0762627585525,26.58,102.31,51.46789361377839,75.73,50.842106386221616,0,1,0,1,1,0,0,1,1,0,0,1,1,0,0,1,1,0,0,1,1,0,1,0,1,0,1,0,16.344746227709187,17.11333333333333,12.737119341563783,10.231,8.414444444444444,1,1.0,1,1,1,3,3.0,3.0
-18.5,-32,-1.4666666666666686,-8.890169181527208,-6.672152792078973,75.8,99.59999999999998,108.0,101.06666666666666,Sat 2-20 2-20,A,320 (Ⅳ),Dixie St.,"L, 64-48",63,76.1,37.3,22.2,101.4,53.1,23.8,-31.5,-2.5,143.5,91.7275390625,107.655078125,95.8516994360616,97.7802673522266,104.2236328125,100.447265625,104.7418686175888,104.45242014430558,20210220,101.0,107.5,-6.5,93.3,108.0,-14.700000000000005,96.8,110.3,-13.49,65.7,1.8178914238688861,143.49673277757256,69.5317211948791,-2.079509962462467,148.88037917393876,-7.799178779826956,148.88037917393876,-2.079509962462467,148.88037917393876,-7.799178779826956,146.98348889588013,92.6,108.8,-16.21,74.4,101.0,107.5,-6.5,93.3,108.0,-14.700000000000005,-3.902078461970094,141.31622987678617,0,98.62484597,98.91011937,-0.28527340000000834,-1.837947226,91.99812824,99.54125302,-7.543124779999999,-6.120331032999999,2021-02-20,-1.3392841049936095,134.52518002738566,-1.1081963656347398,134.52518002738566,-18.509999999999998,83.80000000000001,68.4152624091856,102.31,15.38473759081441,1,0,1,0,1,0,0,1,0,1,0,1,1,0,0,1,0,1,0,1,1,0,1,0,1,0,1,0,4.5998308184727925,12.023333333333332,16.344746227709187,7.618181818181819,10.231,1,1.0,1,1,1,3,3.0,3.0
-19.5,-34,-17.766666666666666,-17.460112787684807,-11.749943193519158,80.7,87.83333333333331,115.3,105.6,Fri 2-26 2-26,H,174 (Ⅳ),New Mexico St.,"L, 78-51",64,79.4,43.9,23.4,121.5,71.0,28.0,-1.0,7.5,130.0,86.21376953125,91.7275390625,90.8011329573744,94.6747641972763,109.76181640625,104.2236328125,108.26124574505924,106.42470739079548,20210226,99.6,106.8,-7.200000000000002,103.3,107.2,-3.9000000000000057,95.4,109.9,-14.48,65.0,6.29946753538146,128.62281815653006,60.839260312944525,-1.578660010740208,135.7069544795881,1.458126472647869,135.7069544795881,-1.578660010740208,135.7069544795881,1.458126472647869,134.70548675156806,104.3,103.0,1.3,65.8,99.6,106.8,-7.200000000000002,103.3,107.2,-3.9000000000000057,-0.16479387504809384,128.61041627739746,0,98.62484597,98.91011937,-0.28527340000000834,-1.837947226,96.6576963,95.97479851,0.6828977899999984,1.7403662290000002,2021-02-26,-2.7373076152042657,118.96938347051625,0.4743512947330615,118.96938347051625,-19.52,64.28000000000002,73.5435082727904,83.80000000000001,-9.26350827279039,0,1,1,0,0,1,0,1,0,1,0,1,0,1,0,1,0,1,0,1,0,1,1,0,0,1,1,0,-2.9801127876848064,-3.2866666666666653,4.5998308184727925,5.356666666666666,7.618181818181819,-1,1.0,-1,1,1,-1,3.0,3.0
18.0,17,-16.433333333333334,-5.806741858456537,-6.431771703788401,112.2,89.56666666666666,94.7,106.0,Sat 2-27 2-27,H,174 (Ⅳ),New Mexico St.,"W, 64-55",56,114.5,55.2,12.5,98.4,41.3,25.0,-9.5,9.0,128.5,99.206884765625,86.21376953125,97.93408863824959,97.86117070686242,102.230908203125,109.76181640625,103.74083049670617,104.29294241065084,20210227,99.7,106.9,-7.200000000000002,103.4,107.4,-4.0,95.4,109.9,-14.48,65.0,6.29946753538146,128.62281815653006,60.839260312944525,-1.6479953464289991,136.03184314253133,6.1354217167453635,136.03184314253133,-1.6479953464289991,136.03184314253133,6.1354217167453635,126.85308769680401,104.3,103.0,1.3,65.8,99.7,106.9,-7.200000000000002,103.4,107.4,-4.0,2.992690258297072,129.3965193977468,0,98.62484597,98.91011937,-0.28527340000000834,-1.837947226,96.6576963,95.97479851,0.6828977899999984,1.7403662290000002,2021-02-27,-2.7373076152042657,118.96938347051625,0.4743512947330615,118.96938347051625,31.48,95.76000000000002,70.45567218186028,64.28000000000002,25.30432781813974,1,0,0,1,1,0,0,1,1,0,0,1,1,0,0,1,1,0,1,0,1,0,1,0,1,0,1,0,8.673258141543464,-1.9533333333333331,-2.9801127876848064,7.366153846153846,5.356666666666666,1,-1.0,1,1,1,3,-1.0,3.0
21.5,16,-0.1333333333333305,1.6955054276956418,-2.2259950303723266,100.8,97.89999999999998,84.1,98.03333333333336,Fri 3-05 3-05,A,271 (Ⅳ),UT Rio Grande Valley,"W, 65-47",64,101.1,47.8,24.9,73.1,36.0,23.3,-20.0,3.5,132.0,100.0034423828125,99.206884765625,98.88939242549972,98.39550330561472,93.1654541015625,102.230908203125,97.19388699780413,100.62149833598706,20210305,91.0,111.0,-20.0,95.2,105.2,-10.0,96.2,108.8,-12.61,64.7,6.951832891172522,128.9611935063752,64.33186344238977,10.283920661691724,133.14012508954036,4.0393562134019865,133.14012508954036,10.283920661691724,133.14012508954036,4.0393562134019865,125.18225620433364,94.9,101.9,-7.07,69.9,91.0,111.0,-20.0,95.2,105.2,-10.0,4.444865127545044,126.27816783524074,0,98.62484597,98.91011937,-0.28527340000000834,-1.837947226,90.7766282,96.14248109,-5.365852889999999,-0.694435105,2021-03-05,0.08905300399275973,121.77533594131216,2.5141270301135634,121.77533594131216,28.61,124.37000000000002,78.8904481212402,95.76000000000002,45.47955187875982,0,1,1,0,0,1,0,1,0,1,0,1,0,1,0,1,0,1,1,0,1,0,1,0,1,0,1,0,14.30550542769564,12.476666666666668,8.673258141543464,8.883571428571429,7.366153846153846,1,1.0,1,1,1,3,3.0,-1.0
