ATS,EMRating,EMRating3GameEMA,EMRating5GameExpMA,EMRating10GameExpMA,AdjO,AdjO3GameEMA,AdjD,AdjD3GameEMA,Date,HomeAway,Op Rank,Opponent,Result,Pace,PPP,EFG%,TO%,PPP1,EFG%1,TO%1,OverUnder,ATSVegas,OverUnderVegas,AdjO3ExpMA,AdjO3ExpMAS,AdjO5ExpMA,AdjO10ExpMA,AdjD3ExpMA,AdjD3ExpMAS,AdjD5ExpMA,AdjD10ExpMA,DateNew,AdjOECurrent,AdjDECurrent,AdjEMCurrent,AdjOECurrentOpp,AdjDECurrentOpp,AdjEMCurrentOpp,PomAdjOECurrent,PomAdjDECurrent,PomAdjEMCurrent,PomAdjTCurrent,PomSpread,PomTotal,PomTempo,TRankSpread,TRankTotal,B3GSpread,B3GTotal,TRankLast10Spread,TRankLast10Total,MC5Spread,MC5Total,PomAdjOECurrentOpp,PomAdjDECurrentOpp,PomAdjEMCurrentOpp,PomAdjTCurrentOpp,AdjOELast10,AdjDELast10,AdjEMLast10,AdjOEOppLast10,AdjDEOppLast10,AdjEMOppLast10,MC10Spread,MC10Total,MC10Edge,AdjOE_MG,AdjDE_MG,AdjEM_MG,Adj_Margin_EM_MG,AdjOE_MG_Opp,AdjDE_MG_Opp,AdjEM_MG_Opp,Adj_Margin_EM_MG_Opp,Dates,MG_Spread,MG_Total,MG_Rank_Score_Dif,MG_Rank_Total,GameDifRating,DifCumSum,DifCumSumEMA,DifCumSumShifted,DifOverplayingandEMA,PomSpreadWinATS,PomSpreadLossATS,PomTotalWinTotal,PomTotalLossTotal,TRankSpreadWinATS,TRankSpreadLossATS,TRankTotalWinTotal,TRankTotalLossTotal,B3GSpreadWinATS,B3GSpreadLossATS,B3GTotalWinTotal,B3GTotalLossTotal,TRankLast10SpreadWinATS,TRankLast10SpreadLossATS,TRankLast10TotalWinTotal,TRankLast10TotalLossTotal,MC5SpreadWinATS,MC5SpreadLossATS,MC5TotalWinTotal,MC5TotalLossTotal,MG_SpreadWinATS,MG_SpreadLossATS,MG_TotalWinTotal,MG_TotalLossTotal,MG_Rank_Score_DifWinATS,MG_Rank_Score_DifLossATS,MG_Rank_TotalWinTotal,MG_Rank_TotalLossTotal,PlayingOverRating,PlayingOverRating3,PlayingOverRatingShift,RollingMeanDiffEM,RollingMeanDiffEMShift,PlayingOverPomeroyTrue,PlayingOverPomeroyShiftTrue,PlayingOverDailyTrue,RollingMeanDiffEMTrue,RollingMeanDiffEMShiftTrue,SignalSum,SignalSumShift,SignalSumShiftAfterGame
-11.5,-13,,-13.0,-13.0,112.2,0.0,125.2,0.0,Wed 11-25 11-25,N,209 (Ⅲ),Nicholls St.,"L, 101-93",82,112.9,66.3,24.3,122.7,56.2,15.8,50.5,-3.5,143.5,112.2,0.0,112.2,112.2,125.2,0.0,125.2,125.2,20201125,99.3,107.7,-8.400000000000006,97.9,106.6,-8.699999999999989,96.3,99.2,-2.88,71.5,-2.9120229634190338,141.5918411923314,73.63584637268849,-0.3127034245557496,159.01748074987796,10.778382901990767,159.01748074987796,-0.3127034245557496,159.01748074987796,10.778382901990767,207.91407272598602,95.4,102.4,-7.08,72.4,99.3,107.7,-8.400000000000006,97.9,106.6,-8.699999999999989,10.778382901990767,207.91407272598602,0,107.11576480000001,109.42686929999999,-2.311104499999985,3.5095899680000002,109.42686929999999,107.11576480000001,2.311104499999985,8.131798792,2020-11-25,3.7663841009320436,176.46879127313005,3.4036025886654926,176.46879127313005,-10.120000000000001,-10.120000000000001,0.0,0.0,-10.120000000000001,1,0,0,1,1,0,1,0,1,0,1,0,1,0,1,0,1,0,1,0,1,0,1,0,1,0,1,0,-10.120000000000001,,0.0,-10.120000000000001,0.0,-1,0.0,-1,-1,1,-3,0.0,0.0
4.0,-1,,-9.23333333333333,-10.945454545454542,83.9,0.0,85.6,0.0,Fri 11-27 11-27,A,137 (Ⅲ),Santa Clara,"L, 66-63",78,81.1,37.9,15.5,85.0,44.6,21.9,-12.0,7.0,141.0,98.05,112.2,102.76666666666668,107.05454545454545,105.4,125.2,112.0,118.0,20201127,99.3,107.7,-8.400000000000006,104.7,99.0,5.700000000000002,97.8,101.7,-3.87,73.7,11.371115550963765,145.11034539477097,75.27254623044097,15.660309764676853,162.62988193032618,22.716613595819524,162.62988193032618,15.660309764676853,162.62988193032618,22.716613595819524,159.31749614246604,99.9,93.9,5.97,71.8,99.3,107.7,-8.400000000000006,104.7,99.0,5.700000000000002,22.716613595819524,159.31749614246604,0,107.11576484701996,109.42686925863687,-2.3111044116169097,3.509589968273092,94.44359660688141,96.63598385073648,-2.192387243855066,0.29497380270158136,2020-11-27,4.325969733096329,159.0776070109181,-0.27199905658146406,159.0776070109181,2.87,-7.250000000000001,-10.120000000000001,-10.120000000000001,2.87,0,1,0,1,0,1,0,1,0,1,0,1,0,1,0,1,0,1,0,1,1,0,0,1,1,0,0,1,-5.363333333333331,,-10.120000000000001,-3.625,-10.120000000000001,-1,-1.0,1,-1,-1,-1,-3.0,0.0
0.0,-3,-5.966666666666664,-7.222222222222222,-9.537190082644624,98.5,98.2,101.7,104.16666666666669,Sat 11-28 11-28,N,264 (Ⅳ),Idaho St.,"W, 70-61",69,101.9,53.7,18.9,88.8,48.2,30.6,-7.0,-9.0,138.0,98.275,98.05,101.34444444444445,105.499173553719,103.55,105.4,108.56666666666668,115.03636363636365,20201128,98.3,106.7,-8.400000000000006,94.7,108.5,-13.799999999999995,99.1,103.0,-3.87,73.9,-5.0896438249718585,151.3591712320333,73.79487908961595,-4.231390533534324,156.64305178970017,-13.300664326809216,156.64305178970017,-4.231390533534324,156.64305178970017,-13.300664326809216,126.11925764846946,96.7,107.5,-10.81,70.2,98.3,106.7,-8.400000000000006,94.7,108.5,-13.799999999999995,-13.533951285055624,126.08783795507148,0,104.23856087932305,100.96211977651372,3.276441102809329,6.546091738264099,85.65493519232594,93.13857322035034,-7.4836380280244015,-10.047320725903033,2020-11-28,-7.999768692216449,138.44092787547015,-12.245088664773391,138.44092787547015,0.8700000000000001,-6.380000000000001,-9.163333333333334,-7.250000000000001,2.783333333333333,1,0,0,1,1,0,0,1,1,0,0,1,1,0,0,1,1,0,1,0,1,0,0,1,1,0,0,1,-3.352222222222222,-2.096666666666664,-5.363333333333331,-2.1266666666666665,-3.625,-1,-1.0,1,-1,-1,-1,-1.0,-3.0
-23.0,-31,-12.0,-15.181481481481486,-13.457700976709239,84.6,89.00000000000001,115.7,101.0,Fri 1-22 1-22,A,254 (Ⅳ),UC San Diego,"L, 89-69",78,88.9,40.9,18.0,114.7,78.3,28.3,14.0,-3.0,144.0,91.4375,98.275,95.76296296296294,101.69932381667915,109.625,103.55,110.94444444444449,115.15702479338843,20210122,99.0,106.1,-7.099999999999994,97.7,105.8,-8.099999999999994,100.5,103.4,-2.88,70.7,1.531777448619792,144.1646495517549,70.19715504978663,3.414268453536863,149.7191141691915,-2.1053134537551554,149.7191141691915,3.414268453536863,149.7191141691915,-2.1053134537551554,139.45345357072364,98.1,104.5,-6.45,69.8,99.0,106.1,-7.099999999999994,97.7,105.8,-8.099999999999994,-2.1463519169242367,139.1331586927857,0,101.07684783559802,100.78175076196315,0.2950970736348637,2.99465804167602,86.76466128100793,106.00676926247118,-19.24210798146325,-19.047401033151285,2021-01-22,-10.244570525835883,139.42142426551328,-13.665138007952649,139.42142426551328,-28.12,-34.5,-8.235555555555557,-6.380000000000001,-26.264444444444443,1,0,1,0,1,0,1,0,1,0,1,0,1,0,1,0,1,0,0,1,0,1,0,1,0,1,0,1,-12.301481481481485,-9.120000000000001,-3.352222222222222,-8.625,-2.1266666666666665,-1,-1.0,-1,-1,-1,-3,-1.0,-1.0
8.5,2,-10.600000000000003,-9.287654320987656,-10.55630079912574,98.9,94.00000000000004,96.4,104.59999999999998,Sat 1-23 1-23,A,254 (Ⅳ),UC San Diego,"W, 78-71",75,104.4,55.5,24.1,95.1,53.8,28.1,-1.0,1.5,150.0,95.16875,91.4375,96.80864197530865,101.1903558500102,103.0125,109.625,106.09629629629632,111.74665664913596,20210123,99.0,106.1,-7.099999999999994,97.7,105.7,-8.0,100.3,103.3,-2.95,71.0,1.5338276383516387,144.75929866455323,70.69701280227596,3.507528059811321,150.68607512723293,8.052871685619696,150.68607512723293,3.507528059811321,150.68607512723293,8.052871685619696,141.65914002480898,97.9,104.4,-6.44,70.0,99.0,106.1,-7.099999999999994,97.7,105.7,-8.0,7.951892622105402,142.02996962540863,0,100.88206153339227,100.98027807006945,-0.098216536677171,2.598498364753796,86.59760611000185,105.85321237755129,-19.25560626754944,-19.14510680865673,2021-01-23,-10.058702093085628,140.1352067844678,-13.556334385117658,140.1352067844678,4.95,-29.55,-16.99037037037037,-34.5,-12.55962962962963,0,1,1,0,0,1,0,1,0,1,0,1,0,1,0,1,0,1,1,0,1,0,1,0,1,0,1,0,-6.337654320987656,-7.650000000000003,-12.301481481481485,-5.909999999999999,-8.625,-1,-1.0,-1,-1,-1,-3,-3.0,-1.0
-13.5,-23,-17.5,-14.158436213991768,-12.982427926557422,79.9,87.80000000000004,103.8,105.3,Fri 1-29 1-29,H,81 (Ⅱ),UC Santa Barbara,"L, 72-51",67,76.2,33.6,17.9,107.6,63.7,19.4,-22.5,7.5,145.5,87.53437500000003,95.16875,91.17242798353912,97.31938205909924,103.40625,103.0125,105.33086419753089,110.3018099856567,20210129,98.7,106.7,-8.0,107.3,100.2,7.099999999999994,99.9,103.8,-3.92,72.1,4.431669686582609,142.23408597023786,68.5103840682788,6.749305862306599,149.43413462483306,13.629074671455589,149.43413462483306,6.749305862306599,149.43413462483306,13.629074671455589,133.51237027566816,106.6,98.4,8.19,66.8,98.7,106.7,-8.0,107.3,100.2,7.099999999999994,9.03175883082925,137.29273008311498,0,100.42034344723051,101.49665047278351,-1.0763070255530067,1.1662888095115551,99.60642394400524,99.95787766278154,-0.3514537187762983,2.2563824998314588,2021-01-29,-3.453272738285463,141.36776428604048,-1.2042917736015255,141.36776428604048,-19.08,-48.629999999999995,-21.176913580246914,-29.55,-27.45308641975308,0,1,1,0,0,1,0,1,1,0,0,1,0,1,0,1,1,0,1,0,0,1,1,0,0,1,1,0,-10.238436213991768,-13.58,-6.337654320987656,-8.105,-5.909999999999999,-1,-1.0,-1,-1,-1,-3,-3.0,-3.0
6.0,7,-4.599999999999999,-6.905624142661179,-9.240168303546984,118.8,99.20000000000003,111.2,103.8,Sat 1-30 1-30,H,81 (Ⅱ),UC Santa Barbara,"L, 89-86 OT",77,112.4,50.8,17.0,116.3,58.8,19.6,32.5,9.0,142.5,103.1671875,87.53437500000003,100.3816186556927,101.22494895744484,107.303125,103.40625,107.28724279835392,110.46511726099185,20210130,98.6,106.6,-8.0,107.1,100.0,7.099999999999994,100.4,104.3,-3.91,72.1,4.441707052047789,143.70496751722476,68.61294452347084,6.755045511633384,149.21771585542058,18.61780803309498,149.21771585542058,6.755045511633384,149.21771585542058,18.61780803309498,127.93222460189527,107.0,98.8,8.21,66.9,98.6,106.6,-8.0,107.1,100.0,7.099999999999994,12.483766568859666,133.5980384263416,0,100.42793755036949,101.44963600811064,-1.0216984577411523,1.2131895961175496,99.87561104651058,99.86114463876447,0.014466407746112964,2.65073355908785,2021-01-30,-3.2390441141582045,141.66324596338143,-0.9719373251566168,141.66324596338143,10.91,-37.72,-30.327942386831275,-48.629999999999995,-7.392057613168724,1,0,1,0,1,0,1,0,0,1,1,0,1,0,1,0,0,1,0,1,1,0,0,1,1,0,0,1,-2.995624142661179,-0.6899999999999986,-10.238436213991768,-5.38857142857143,-8.105,-1,-1.0,-1,-1,-1,-3,-3.0,-3.0
-4.5,-15,-10.6,-9.770416095107453,-10.378319521083895,96.7,98.4666666666667,112.2,109.06666666666663,Fri 2-05 2-05,A,281 (Ⅳ),Cal St. Northridge,"L, 80-77",72,107.0,53.1,23.6,111.2,59.2,15.3,4.0,-1.5,153.0,99.93359375,103.1671875,99.1544124371285,100.40223096518213,109.7515625,107.303125,108.92482853223595,110.78055048626604,20210205,98.0,106.5,-8.5,98.3,110.0,-11.700000000000005,99.6,104.4,-4.88,71.7,-0.592446640576128,153.30425695465448,72.2099573257468,2.096040929401397,156.87029031984548,-0.8704696978440172,156.87029031984548,2.096040929401397,156.87029031984548,-0.8704696978440172,155.36839811958268,99.0,110.6,-11.58,70.8,98.0,106.5,-8.5,98.3,110.0,-11.700000000000005,2.8446291298793644,151.84157272951686,0,100.61850148354894,100.84368235953191,-0.22518087598297143,2.36901168321047,97.45703884864308,99.7754916785782,-2.3184528299351257,1.5363390727889057,2021-02-05,2.5468121161825223,146.6858660811244,1.46008699807291,146.6858660811244,-10.120000000000001,-47.84,-32.791961591220854,-37.72,-15.04803840877915,1,0,1,0,1,0,1,0,1,0,1,0,1,0,1,0,1,0,1,0,1,0,0,1,1,0,0,1,-4.890416095107454,-5.72,-2.995624142661179,-5.98,-5.38857142857143,-1,-1.0,-1,-1,-1,-3,-3.0,-3.0
10.0,14,2.333333333333333,-1.5469440634049674,-5.782261426341367,103.5,106.33333333333336,88.6,104.0,Sat 2-06 2-06,A,281 (Ⅳ),Cal St. Northridge,"W, 75-63",68,109.7,52.5,24.9,92.2,46.4,16.1,-14.5,-2.0,152.5,101.716796875,99.93359375,100.60294162475235,100.96546169878536,99.17578125,109.7515625,102.14988568815731,106.74772312512677,20210206,98.1,106.6,-8.5,98.4,110.2,-11.799999999999995,99.5,104.4,-4.89,71.7,-0.5151892592532334,153.22699957333157,72.2099573257468,2.0317927876734387,157.2456699625642,2.104343536178591,157.2456699625642,2.0317927876734387,157.2456699625642,2.104343536178591,157.0229792016852,99.0,110.6,-11.62,70.8,98.1,106.6,-8.5,98.4,110.2,-11.799999999999995,1.8309607457127186,152.06108067264188,0,100.54922742681921,100.91041555235357,-0.36118812553435475,2.205670994524604,97.69154178232985,100.04290319819185,-2.3513614158620015,1.4259541785175396,2021-02-06,2.6324471346458154,147.05830968081432,1.4955591548481237,147.05830968081432,18.89,-28.950000000000003,-37.80797439414724,-47.84,8.857974394147234,0,1,0,1,0,1,0,1,0,1,0,1,0,1,0,1,0,1,0,1,0,1,1,0,0,1,1,0,3.3430559365950323,7.223333333333333,-4.890416095107454,-3.216666666666667,-5.98,1,-1.0,1,-1,-1,1,-3.0,-3.0
-5.5,-2,-1.0333333333333314,-1.864629375603312,-5.185486621552028,94.3,98.1666666666667,96.8,99.2,Fri 2-12 2-12,H,255 (Ⅳ),Long Beach St.,"W, 68-66",71,96.1,48.3,18.4,93.3,53.8,28.3,-18.5,-7.5,152.5,98.0083984375,101.716796875,98.50196108316824,99.75355957173346,97.987890625,99.17578125,100.36659045877155,104.93904619328552,20210212,98.8,106.3,-7.5,100.6,107.5,-6.900000000000006,100.2,104.7,-4.47,71.1,-8.154722808885708,156.16092129252905,73.72958748221906,-3.948635448402513,160.62900966696978,-7.493015197218643,160.62900966696978,-3.948635448402513,160.62900966696978,-7.493015197218643,154.09532936206367,99.1,108.7,-9.67,72.9,98.8,106.3,-7.5,100.6,107.5,-6.900000000000006,-6.394522304043609,152.34298761902508,0,100.57022664917628,100.94448980780115,-0.3742631586248706,2.231029016361844,100.05083847190024,104.23293089702035,-4.182092425120118,1.012038288250768,2021-02-12,-7.230317604202995,155.20475752624122,-2.9966606868214,155.20475752624122,2.4699999999999998,-26.480000000000004,-34.85531626276483,-28.950000000000003,8.375316262764827,0,1,0,1,1,0,0,1,1,0,0,1,1,0,0,1,1,0,0,1,1,0,0,1,1,0,0,1,2.605370624396688,3.4366666666666683,3.3430559365950323,-2.6480000000000006,-3.216666666666667,1,1.0,1,-1,-1,1,1.0,-3.0
-4.5,-9,0.9666666666666686,-4.409752917068874,-5.969943599451658,93.0,96.93333333333338,102.5,95.96666666666664,Sat 2-13 2-13,H,255 (Ⅳ),Long Beach St.,"W, 78-76 OT",80,98.0,44.8,17.6,95.5,50.0,26.4,4.0,-6.5,150.0,95.50419921875,98.0083984375,96.6679740554455,98.52563964960008,100.2439453125,97.987890625,101.07772697251436,104.4955832490518,20210213,99.3,106.6,-7.299999999999998,100.9,109.7,-8.799999999999997,100.2,104.6,-4.42,71.0,-8.276964583055772,155.58249286137374,73.524893314367,-5.587137008078045,162.75228838860886,-8.719623362170369,162.75228838860886,-5.587137008078045,162.75228838860886,-8.719623362170369,149.75604440620933,99.0,108.7,-9.71,72.8,99.3,106.6,-7.299999999999998,100.9,109.7,-8.799999999999997,-6.983639268991168,149.94197173136828,0,100.5870126332353,100.93281142553532,-0.3457987923000161,2.2697191025599364,100.2646956188876,104.12198887093471,-3.857293252047114,1.134247247568029,2021-02-13,-6.988903290364448,154.86170261956636,-2.928590159583166,154.86170261956636,-4.58,-31.060000000000002,-32.06354417517656,-26.480000000000004,1.0035441751765575,0,1,1,0,1,0,1,0,0,1,1,0,1,0,1,0,0,1,0,1,0,1,1,0,1,0,1,0,0.01024708293112564,5.3866666666666685,2.605370624396688,-2.823636363636364,-2.6480000000000006,1,1.0,1,-1,-1,1,1.0,1.0
1.5,-1,-4.5,-3.4398352780459165,-5.157226581369538,101.4,96.23333333333339,102.9,100.7333333333333,Fri 2-26 2-26,A,328 (Ⅳ),Cal Poly,"W, 69-61",67,103.0,45.4,17.9,91.0,43.5,26.9,-6.0,-6.5,136.0,98.452099609375,95.50419921875,98.24531603696369,99.04825062240008,101.57197265625,100.2439453125,101.68515131500959,104.20547720376965,20210226,98.3,105.3,-7.0,89.8,106.7,-16.900000000000006,99.5,104.5,-5.01,70.2,-6.194753042227099,133.65554292841543,67.20426742532005,-3.266889035125942,137.16591797975883,-6.900048652772294,137.16591797975883,-3.266889035125942,137.16591797975883,-6.900048652772294,131.9416674408865,88.7,108.1,-19.43,67.3,98.3,105.3,-7.0,89.8,106.7,-16.900000000000006,-3.7941561331801434,126.48934722368419,0,101.21530059999999,101.03341359999999,0.18188700000000324,2.937376355,96.15966994,100.32799449999999,-4.168324559999988,-4.866683646,2021-02-26,0.8048859944226479,136.76732283144696,-3.3810939408337077,136.76732283144696,4.01,-27.050000000000004,-31.729029450117707,-31.060000000000002,4.679029450117703,0,1,1,0,0,1,0,1,1,0,0,1,0,1,0,1,1,0,1,0,0,1,0,1,0,1,0,1,1.5701647219540833,0.5099999999999998,0.01024708293112564,-2.254166666666667,-2.823636363636364,1,1.0,1,-1,-1,1,1.0,1.0
-4.5,-7,-6.23333333333333,-4.859890185363941,-5.619549021120528,88.9,94.43333333333338,96.6,100.66666666666664,Sat 2-27 2-27,A,328 (Ⅳ),Cal Poly,"W, 68-66 OT",76,89.2,40.5,26.2,86.6,45.6,31.5,-1.5,-6.5,135.5,93.67604980468752,98.452099609375,95.13021069130913,97.20311414560007,99.085986328125,101.57197265625,99.99010087667307,102.82266316672062,20210227,98.5,105.5,-7.0,89.9,106.6,-16.699999999999992,99.5,104.5,-5.01,70.2,-6.194753042227099,133.65554292841543,67.20426742532005,-3.1419540827880894,137.44469342693827,-5.3680628624517155,137.44469342693827,-3.1419540827880894,137.44469342693827,-5.3680628624517155,132.8351143287845,88.7,108.1,-19.43,67.3,98.5,105.5,-7.0,89.9,106.6,-16.699999999999992,-4.072835947892186,128.859320248318,0,101.21530059999999,101.03341359999999,0.18188700000000324,2.937376355,96.15966994,100.32799449999999,-4.168324559999988,-4.866683646,2021-02-27,0.8048859944226479,136.76732283144696,-3.3810939408337077,136.76732283144696,-1.9900000000000002,-29.040000000000006,-30.169352966745144,-27.050000000000004,1.129352966745138,1,0,1,0,1,0,0,1,1,0,0,1,1,0,0,1,1,0,1,0,1,0,0,1,1,0,0,1,0.15010981463605866,-1.22333333333333,1.5701647219540833,-2.2338461538461543,-2.254166666666667,1,1.0,1,-1,-1,1,1.0,1.0
-8.5,-14,-7.833333333333329,-8.006593456909293,-7.1978128354622495,95.0,95.10000000000004,109.3,102.93333333333332,Fri 3-05 3-05,H,191 (Ⅳ),Hawaii,"L, 73-68",68,99.6,51.7,13.2,106.9,54.2,30.8,1.5,-3.5,139.5,94.33802490234378,93.67604980468752,95.08680712753943,96.80254793730913,104.1929931640625,99.085986328125,103.09340058444872,104.00036077277142,20210305,98.7,106.0,-7.299999999999998,98.5,102.6,-4.099999999999993,98.3,103.7,-5.34,70.3,-2.2810611515621844,139.53465619638285,67.6,-1.8106508666459717,142.4053993533325,-6.952669460366686,142.4053993533325,-1.8106508666459717,142.4053993533325,-6.952669460366686,136.90882804899007,101.2,104.3,-3.12,67.6,98.7,106.0,-7.299999999999998,98.5,102.6,-4.099999999999993,-1.7307697556828068,136.33595622403064,0,101.21530059999999,101.03341359999999,0.18188700000000324,2.937376355,104.5300286,100.30276090000001,4.2272676999999845,0.8855751470000001,2021-03-05,-1.184501549675332,143.39547174833396,-3.315998029622932,143.39547174833396,-8.66,-37.7,-29.7929019778301,-29.040000000000006,-7.9070980221699045,1,0,1,0,1,0,1,0,0,1,1,0,1,0,1,0,0,1,0,1,1,0,1,0,1,0,1,0,-2.6665934569092933,-2.4933333333333287,0.15010981463605866,-2.692857142857143,-2.2338461538461543,-1,1.0,-1,-1,-1,-3,1.0,1.0
