ATS,EMRating,EMRating3GameEMA,EMRating5GameExpMA,EMRating10GameExpMA,AdjO,AdjO3GameEMA,AdjD,AdjD3GameEMA,Date,HomeAway,Op Rank,Opponent,Result,Pace,PPP,EFG%,TO%,PPP1,EFG%1,TO%1,OverUnder,ATSVegas,OverUnderVegas,AdjO3ExpMA,AdjO3ExpMAS,AdjO5ExpMA,AdjO10ExpMA,AdjD3ExpMA,AdjD3ExpMAS,AdjD5ExpMA,AdjD10ExpMA,DateNew,AdjOECurrent,AdjDECurrent,AdjEMCurrent,AdjOECurrentOpp,AdjDECurrentOpp,AdjEMCurrentOpp,PomAdjOECurrent,PomAdjDECurrent,PomAdjEMCurrent,PomAdjTCurrent,PomSpread,PomTotal,PomTempo,TRankSpread,TRankTotal,B3GSpread,B3GTotal,TRankLast10Spread,TRankLast10Total,MC5Spread,MC5Total,PomAdjOECurrentOpp,PomAdjDECurrentOpp,PomAdjEMCurrentOpp,PomAdjTCurrentOpp,AdjOELast10,AdjDELast10,AdjEMLast10,AdjOEOppLast10,AdjDEOppLast10,AdjEMOppLast10,MC10Spread,MC10Total,MC10Edge,AdjOE_MG,AdjDE_MG,AdjEM_MG,Adj_Margin_EM_MG,AdjOE_MG_Opp,AdjDE_MG_Opp,AdjEM_MG_Opp,Adj_Margin_EM_MG_Opp,Dates,MG_Spread,MG_Total,MG_Rank_Score_Dif,MG_Rank_Total,GameDifRating,DifCumSum,DifCumSumEMA,DifCumSumShifted,DifOverplayingandEMA,PomSpreadWinATS,PomSpreadLossATS,PomTotalWinTotal,PomTotalLossTotal,TRankSpreadWinATS,TRankSpreadLossATS,TRankTotalWinTotal,TRankTotalLossTotal,B3GSpreadWinATS,B3GSpreadLossATS,B3GTotalWinTotal,B3GTotalLossTotal,TRankLast10SpreadWinATS,TRankLast10SpreadLossATS,TRankLast10TotalWinTotal,TRankLast10TotalLossTotal,MC5SpreadWinATS,MC5SpreadLossATS,MC5TotalWinTotal,MC5TotalLossTotal,MG_SpreadWinATS,MG_SpreadLossATS,MG_TotalWinTotal,MG_TotalLossTotal,MG_Rank_Score_DifWinATS,MG_Rank_Score_DifLossATS,MG_Rank_TotalWinTotal,MG_Rank_TotalLossTotal,PlayingOverRating,PlayingOverRating3,PlayingOverRatingShift,RollingMeanDiffEM,RollingMeanDiffEMShift,PlayingOverPomeroyTrue,PlayingOverPomeroyShiftTrue,PlayingOverDailyTrue,RollingMeanDiffEMTrue,RollingMeanDiffEMShiftTrue,SignalSum,SignalSumShift,SignalSumShiftAfterGame
-7.0,-7,,-7.799999999999998,-7.799999999999998,102.3,0.0,110.1,0.0,Sat 1-09 1-09,H,113 (Ⅲ),UC Irvine,"L, 79-65",72,90.5,52.6,20.9,109.9,57.5,23.7,7.5,7.0,136.5,102.3,0.0,102.3,102.3,110.1,0.0,110.1,110.1,20210109,100.2,105.0,-4.799999999999997,100.5,97.4,3.0999999999999943,100.0,102.9,-2.85,70.0,0.6124353147984039,137.39932985037092,68.70554765291608,1.57902015362383,142.7742461189224,11.552748590765846,142.7742461189224,1.57902015362383,142.7742461189224,11.552748590765846,139.09967276767247,100.9,97.3,3.6,69.0,100.2,105.0,-4.799999999999997,100.5,97.4,3.0999999999999943,8.069166699614007,142.46972987595302,0,95.42546654,105.39515039999999,-9.96968385999999,-19.46043804,97.4917022,97.26641817,0.22528403000001163,12.11612929,2021-01-09,3.138216942446533,137.421066789936,19.841741445458744,137.421066789936,-4.15,-4.15,0.0,0.0,-4.15,0,1,1,0,0,1,1,0,1,0,1,0,0,1,1,0,1,0,1,0,0,1,1,0,1,0,1,0,-4.9499999999999975,,0.0,-4.15,0.0,-1,0.0,-1,-1,1,-3,0.0,0.0
-6.0,-6,,-7.333333333333334,-7.545454545454544,86.0,0.0,92.4,0.0,Fri 1-15 1-15,A,81 (I),UC Santa Barbara,"L, 69-52",68,76.5,46.9,27.9,101.5,48.5,16.2,-18.5,11.0,139.5,94.15,102.3,96.86666666666667,99.33636363636364,101.25,110.1,104.2,106.88181818181816,20210115,100.1,105.2,-5.1000000000000085,103.8,104.0,-0.20000000000000284,99.6,103.6,-3.98,70.1,8.766264729122298,138.470988284775,67.10853485064011,7.610220267873004,146.80305074817664,10.487088120025781,146.80305074817664,7.610220267873004,146.80305074817664,10.487088120025781,140.7207688101686,103.5,100.3,3.21,67.3,100.1,105.2,-5.1000000000000085,103.8,104.0,-0.20000000000000284,12.68452083379006,142.7687099707929,0,95.24233014925446,105.24698513600677,-10.004654986752314,-19.08335034629849,100.00956593360318,104.35125977795151,-4.3416938443483275,-2.5890939999524067,2021-01-15,7.977843697028334,140.8632100451439,12.744475906220252,140.8632100451439,-2.02,-6.17,-4.15,-4.15,-2.0199999999999996,0,1,1,0,0,1,0,1,0,1,0,1,0,1,0,1,0,1,0,1,0,1,0,1,1,0,0,1,-3.353333333333334,,-4.9499999999999975,-3.085,-4.15,-1,-1.0,-1,-1,-1,-3,-3.0,0.0
-18.5,-31,-15.066666666666668,-15.222222222222221,-11.8099173553719,87.6,91.96666666666664,118.6,107.03333333333336,Sat 1-16 1-16,A,81 (I),UC Santa Barbara,"L, 84-53",66,80.1,40.6,18.1,126.9,61.3,18.1,0.5,12.5,136.5,90.875,94.15,93.7777777777778,97.20247933884295,109.925,101.25,109.0,109.01239669421486,20210116,100.0,105.2,-5.200000000000003,103.8,104.0,-0.20000000000000284,99.7,103.7,-3.97,70.2,8.791209917939057,138.9410042764676,67.20426742532005,7.690385523392408,146.93678642444615,7.301777924093684,146.93678642444615,7.690385523392408,146.93678642444615,7.301777924093684,126.69979319190541,103.6,100.4,3.19,67.3,100.0,105.2,-5.200000000000003,103.8,104.0,-0.20000000000000284,11.366367902346392,129.11105461088064,0,88.03023893735924,101.46090368830453,-13.430664750945283,-18.16881087512682,98.68051970083964,102.10972993487977,-3.429210234040127,-0.27950441607758564,2021-01-16,10.712532922357184,131.063517541372,13.730524069170713,131.063517541372,-27.03,-33.2,-4.823333333333334,-6.17,-28.37666666666667,0,1,1,0,0,1,1,0,0,1,1,0,0,1,1,0,0,1,0,1,0,1,0,1,1,0,0,1,-11.25222222222222,-11.096666666666668,-3.353333333333334,-11.066666666666666,-3.085,-1,-1.0,-1,-1,-1,-3,-3.0,-3.0
23.0,17,-6.566666666666667,-4.2481481481481485,-6.4444778362133714,111.5,95.03333333333332,93.8,101.60000000000002,Fri 1-22 1-22,H,227 (Ⅳ),UC Davis,"W, 89-69",78,114.7,78.3,28.3,88.9,40.9,18.0,14.0,3.0,144.0,101.1875,90.875,99.6851851851852,99.80202854996243,101.8625,109.925,103.93333333333337,106.24650638617578,20210122,97.7,105.8,-8.099999999999994,99.0,106.1,-7.099999999999994,98.1,104.5,-6.45,69.8,-1.531777448619792,144.1646495517549,70.19715504978663,-3.414268453536863,149.7191141691915,2.614497534730636,149.7191141691915,-3.414268453536863,149.7191141691915,2.614497534730636,140.12702912528033,100.5,103.4,-2.88,70.7,97.7,105.8,-8.099999999999994,99.0,106.1,-7.099999999999994,2.7216612915048053,140.33741437534297,0,86.76466128100793,106.00676926247118,-19.24210798146325,-19.047401033151285,101.07684783559802,100.78175076196315,0.2950970736348637,2.99465804167602,2021-01-22,10.244570525835883,139.42142426551328,13.665138007952649,139.42142426551328,23.45,-9.750000000000004,-14.282222222222224,-33.2,4.53222222222222,1,0,1,0,1,0,1,0,1,0,1,0,1,0,1,0,1,0,0,1,0,1,0,1,0,1,0,1,2.2018518518518517,-0.11666666666666714,-11.25222222222222,-2.4375,-11.066666666666666,1,-1.0,1,-1,-1,1,-3.0,-3.0
-8.5,-16,-10.033333333333333,-8.432098765432098,-8.32730004781094,92.9,97.33333333333331,109.7,107.36666666666667,Sat 1-23 1-23,H,227 (Ⅳ),UC Davis,"L, 78-71",75,95.1,53.8,28.1,104.4,55.5,24.1,-1.0,-1.5,150.0,97.04375,101.1875,97.42345679012348,98.54711426815105,105.78125,101.8625,105.85555555555555,106.87441431596201,20210123,97.7,105.7,-8.0,99.0,106.1,-7.099999999999994,97.9,104.4,-6.44,70.0,-1.5338276383516387,144.75929866455323,70.69701280227596,-3.507528059811321,150.68607512723293,-7.719549589986262,150.68607512723293,-3.507528059811321,150.68607512723293,-7.719549589986262,142.0049509652115,100.3,103.3,-2.95,71.0,97.7,105.7,-8.0,99.0,106.1,-7.099999999999994,-7.590026107919997,142.29450176016493,0,86.59760611000185,105.85321237755129,-19.25560626754944,-19.14510680865673,100.88206153339227,100.98027807006945,-0.098216536677171,2.598498364753796,2021-01-23,10.058702093085628,140.1352067844678,13.556334385117658,140.1352067844678,-9.559999999999999,-19.310000000000002,-12.771481481481484,-9.750000000000004,-6.538518518518519,0,1,1,0,0,1,0,1,0,1,0,1,0,1,0,1,0,1,1,0,1,0,1,0,1,0,1,0,-1.9920987654320976,-3.593333333333333,2.2018518518518517,-3.861999999999999,-2.4375,-1,1.0,-1,-1,-1,-3,1.0,-3.0
-4.0,-16,-5.266666666666667,-11.1880658436214,-9.849609130027133,85.2,96.53333333333336,101.9,101.8,Sun 1-31 1-31,A,106 (Ⅱ),UC Riverside,"L, 71-59",70,84.0,45.7,19.9,101.0,52.4,18.5,-1.0,8.0,131.0,91.121875,97.04375,93.34897119341564,96.1203662193963,103.840625,105.78125,104.53703703703705,105.96997534942345,20210131,98.5,105.2,-6.700000000000002,100.7,96.1,4.6000000000000085,99.0,104.2,-5.26,71.0,9.39327521535781,133.65997188123922,67.16216216216218,11.628029706450349,138.28991377470047,14.721542018516063,138.28991377470047,11.628029706450349,138.28991377470047,14.721542018516063,128.67614337190068,99.9,96.6,3.26,66.5,98.5,105.2,-6.700000000000002,100.7,96.1,4.6000000000000085,15.249174532848944,129.59153356273802,0,86.60328987874855,105.89334911639222,-19.29005923764366,-18.471998489703946,105.40654386641785,89.9154937676539,15.49105009876395,4.292844767427527,2021-01-31,26.881048218796145,131.07805645202578,17.03657911783074,131.07805645202578,-10.74,-30.050000000000004,-14.950987654320992,-19.310000000000002,-15.099012345679013,1,0,0,1,1,0,0,1,1,0,0,1,1,0,0,1,1,0,1,0,1,0,0,1,1,0,0,1,-5.9280658436214,-0.006666666666666821,-1.9920987654320976,-5.008333333333334,-3.861999999999999,-1,-1.0,-1,-1,-1,-3,-3.0,1.0
4.0,-12,-15.200000000000005,-11.492043895747605,-10.258771106385835,107.1,95.06666666666668,119.2,110.26666666666664,Fri 2-12 2-12,A,155 (Ⅲ),Cal St. Bakersfield,"L, 76-71",64,110.5,59.3,21.8,118.3,57.4,15.6,12.0,9.0,135.0,99.1109375,91.121875,97.93264746227709,98.11666327041516,111.5203125,103.840625,109.42469135802472,108.37543437680098,20210212,97.7,105.0,-7.299999999999998,102.2,99.9,2.299999999999997,98.4,103.8,-5.42,71.1,8.687012878009135,134.66888005451156,66.04310099573257,10.458425779574469,138.9462318674866,9.576661752872859,138.9462318674866,10.458425779574469,138.9462318674866,9.576661752872859,138.34457372212367,102.2,100.2,2.02,65.3,97.7,105.0,-7.299999999999998,102.2,99.9,2.299999999999997,11.8518473315914,130.46391029790297,0,86.35884721050306,105.90702111027048,-19.54817389976742,-18.6404141466269,99.85035734877287,100.8111853918394,-0.9608280430665275,-1.1890916783283365,2021-02-12,16.311012017852505,130.91966798734026,13.191257062884887,130.91966798734026,-6.58,-36.63,-19.98399176954733,-30.050000000000004,-16.646008230452672,1,0,0,1,0,1,1,0,0,1,1,0,0,1,1,0,0,1,1,0,0,1,0,1,0,1,0,1,-6.072043895747605,-9.780000000000005,-5.9280658436214,-5.232857142857141,-5.008333333333334,-1,-1.0,-1,-1,-1,-3,-3.0,-3.0
-6.0,-22,-16.96666666666667,-15.028029263831732,-12.411721814315687,82.4,91.56666666666668,104.5,108.53333333333332,Sat 2-13 2-13,A,155 (Ⅲ),Cal St. Bakersfield,"L, 65-50",61,82.2,51.0,23.0,106.9,45.2,14.8,-21.5,9.0,136.5,90.75546875,99.1109375,92.75509830818474,95.25908813033968,108.01015625,111.5203125,107.78312757201648,107.67080994465536,20210213,96.3,104.7,-8.400000000000006,102.2,99.7,2.5,98.4,103.8,-5.41,71.0,8.528900601768221,134.26628291613343,65.84921763869133,11.26017547667324,137.29311146816298,11.091296038683783,137.29311146816298,11.26017547667324,137.29311146816298,11.091296038683783,146.33178372790775,102.1,100.3,1.9,65.2,96.3,104.7,-8.400000000000006,102.2,99.7,2.5,11.858495785581812,134.45411854229835,0,86.44384643926661,105.77319664194376,-19.329350202677148,-18.346188490982314,99.86141040100469,100.60931429902008,-0.7479038980153945,-0.4690338671779065,2021-02-13,16.238189272722508,130.4036885467528,13.44228907564009,130.4036885467528,-16.59,-53.22,-25.532661179698223,-36.63,-27.687338820301775,0,1,1,0,1,0,0,1,1,0,0,1,1,0,0,1,1,0,0,1,1,0,1,0,1,0,1,0,-9.618029263831732,-11.556666666666668,-6.072043895747605,-6.6525,-5.232857142857141,-1,-1.0,-1,-1,-1,-3,-3.0,-3.0
3.0,-5,-13.233333333333334,-11.852019509221158,-11.15504512080374,110.0,99.83333333333336,115.5,113.06666666666663,Fri 2-19 2-19,H,106 (Ⅲ),UC Riverside,"L, 81-75",70,106.8,53.2,8.5,115.4,64.3,19.9,22.0,9.0,134.0,100.377734375,90.75546875,98.50339887212317,97.93925392482336,111.755078125,108.01015625,110.35541838134434,109.0942990456271,20210219,97.6,107.1,-9.5,104.7,96.4,8.299999999999997,99.0,105.0,-6.0,70.1,4.1094743630453365,134.58848891112714,66.60995732574679,8.381115537747988,140.46622020532016,10.041083398977754,140.46622020532016,8.381115537747988,140.46622020532016,10.041083398977754,130.92029428977105,102.5,96.7,5.77,66.8,97.6,107.1,-9.5,104.7,96.4,8.299999999999997,9.29852704298387,134.0977293139766,0,86.28915828,105.9798969,-19.690738620000005,-18.89230529,105.0168172,89.20761656,15.80920064,4.732975399,2021-02-19,19.835643753263824,127.90066963516635,14.003751910281977,127.90066963516635,1.0,-52.22,-34.761774119798815,-53.22,-17.458225880201184,1,0,1,0,1,0,1,0,0,1,1,0,1,0,1,0,0,1,0,1,0,1,0,1,0,1,0,1,-5.852019509221158,-7.233333333333334,-9.618029263831732,-5.802222222222222,-6.6525,-1,-1.0,-1,-1,-1,-3,-3.0,-3.0
8.5,3,-7.900000000000001,-6.601346339480775,-8.417764189748516,113.8,102.06666666666668,109.9,109.96666666666664,Sat 2-20 2-20,H,106 (Ⅲ),UC Riverside,"W, 83-82 OT",75,110.8,62.3,14.7,109.5,58.5,20.0,26.0,7.5,139.0,107.0888671875,100.377734375,103.60226591474878,100.82302593849184,110.8275390625,111.755078125,110.20361225422957,109.24079012824036,20210220,97.5,107.2,-9.700000000000003,104.7,96.6,8.100000000000009,99.2,105.2,-6.03,70.0,3.96313871125011,134.7282233477479,66.41536273115221,8.357622934838943,140.20613100458866,14.040380303684488,140.20613100458866,8.357622934838943,140.20613100458866,14.040380303684488,143.4691566803618,102.6,97.0,5.56,66.7,97.5,107.2,-9.700000000000003,104.7,96.6,8.100000000000009,10.0071517404299,135.1915236105935,0,86.26995432765213,105.99523773289657,-19.72528340524444,-18.885591544710483,104.94271105573124,89.26975129944631,15.672959756284925,4.628575460544443,2021-02-20,19.712533287014843,127.52211741389229,13.889953038533825,127.52211741389229,9.030000000000001,-43.19,-40.58118274653255,-52.22,-2.60881725346745,1,0,0,1,0,1,1,0,0,1,1,0,0,1,1,0,0,1,1,0,0,1,0,1,0,1,0,1,-0.5713463394807752,-1.870000000000001,-5.852019509221158,-4.319,-5.802222222222222,-1,-1.0,-1,-1,-1,-3,-3.0,-3.0
-13.5,-18,-6.733333333333333,-10.600897559653847,-10.26907979161242,100.4,108.06666666666668,119.0,114.79999999999997,Fri 2-26 2-26,A,113 (Ⅱ),UC Irvine,"L, 80-55",65,84.6,40.8,20.0,123.0,60.5,12.3,-2.5,11.5,137.5,103.74443359375,107.0888671875,102.53484394316587,100.7461121314933,114.91376953125,110.8275390625,113.13574150281971,111.01519192310572,20210226,99.3,107.6,-8.299999999999997,100.4,95.3,5.1000000000000085,100.0,106.5,-6.45,70.3,12.999444422113449,137.40106416659108,67.4,13.17198072352241,140.23506218181015,9.604923893795815,140.23506218181015,13.17198072352241,140.23506218181015,9.604923893795815,144.44142221837146,102.4,95.4,6.96,67.4,99.3,107.6,-8.299999999999997,100.4,95.3,5.1000000000000085,12.038536182995882,131.2890871118385,0,86.28915828,105.9798969,-19.690738620000005,-18.89230529,98.37780233,99.69890040000001,-1.3210980700000192,8.288042636,2021-02-26,16.27139683556929,131.7825275996384,20.106692679720865,131.7825275996384,-11.55,-54.739999999999995,-41.450788497688364,-43.19,-13.28921150231163,1,0,1,0,1,0,0,1,0,1,0,1,1,0,0,1,0,1,0,1,1,0,1,0,1,0,1,0,-4.150897559653846,-0.2833333333333332,-0.5713463394807752,-4.9763636363636365,-4.319,-1,-1.0,-1,-1,-1,-3,-3.0,-3.0
2.0,0,-4.599999999999999,-6.767265039769232,-8.238338011319254,104.7,106.3,103.8,110.89999999999998,Sat 2-27 2-27,A,113 (Ⅱ),UC Irvine,"L, 75-64",71,90.6,51.7,18.4,106.1,52.5,17.0,2.5,13.0,136.5,104.222216796875,103.74443359375,103.25656262877727,101.46500083485815,109.356884765625,114.91376953125,110.02382766854649,109.70333884617743,20210227,99.5,107.7,-8.200000000000003,100.5,95.4,5.099999999999994,100.0,106.5,-6.45,70.3,12.999444422113449,137.40106416659108,67.4,13.124977607534326,140.5775747620657,12.714127134970319,140.5775747620657,13.124977607534326,140.5775747620657,12.714127134970319,147.93762598896896,102.4,95.4,6.96,67.4,99.5,107.7,-8.200000000000003,100.5,95.4,5.099999999999994,12.949606985533052,132.32239165985612,0,86.28915828,105.9798969,-19.690738620000005,-18.89230529,98.37780233,99.69890040000001,-1.3210980700000192,8.288042636,2021-02-27,16.27139683556929,131.7825275996384,20.106692679720865,131.7825275996384,6.45,-48.28999999999999,-45.880525665125575,-54.739999999999995,-2.4094743348744174,1,0,1,0,0,1,1,0,1,0,1,0,0,1,1,0,1,0,1,0,0,1,0,1,0,1,0,1,-0.31726503976923226,1.8500000000000014,-4.150897559653846,-4.024166666666665,-4.9763636363636365,-1,-1.0,-1,-1,-1,-3,-3.0,-3.0
2.0,-3,-6.899999999999997,-5.511510026512822,-7.285912918352113,110.1,105.06666666666666,113.1,111.96666666666664,Fri 3-05 3-05,H,240 (Ⅳ),Cal St. Fullerton,"W, 89-85",75,118.2,64.6,13.3,112.9,54.8,22.6,24.5,-2.0,149.5,107.1611083984375,104.222216796875,105.53770841918484,103.03500068306576,111.22844238281247,109.356884765625,111.04921844569763,110.32091360141787,20210305,100.0,104.6,-4.599999999999994,92.3,103.8,-11.5,99.7,106.2,-6.47,70.7,-5.455789826145121,153.2314489163748,73.31479374110954,-9.641270984944612,150.32097321947398,-4.875175557768013,150.32097321947398,-9.641270984944612,150.32097321947398,-4.875175557768013,165.69355478440968,98.1,106.1,-7.93,72.9,100.0,104.6,-4.599999999999994,92.3,103.8,-11.5,-2.8096103145804476,160.08791771460682,0,86.28915828,105.9798969,-19.690738620000005,-18.89230529,97.15732752,98.87921159,-1.7218840700000015,-4.2572633,2021-03-05,9.275001787716178,140.76156153441954,8.914445442634218,140.76156153441954,3.4699999999999998,-44.81999999999999,-46.683683776750385,-48.28999999999999,1.863683776750392,1,0,1,0,1,0,1,0,1,0,1,0,1,0,1,0,1,0,1,0,0,1,0,1,0,1,0,1,0.9584899734871781,-0.42999999999999705,-0.31726503976923226,-3.447692307692307,-4.024166666666665,1,-1.0,1,-1,-1,1,-3.0,-3.0
4.5,-5,-2.5,-5.4743400176752175,-6.943019660469912,113.5,109.43333333333332,118.9,111.93333333333332,Sat 3-06 3-06,H,240 (Ⅳ),Cal St. Fullerton,"W, 85-78",68,125.5,68.4,11.8,115.1,56.6,14.8,12.5,-2.5,150.5,110.33055419921877,107.1611083984375,108.19180561278988,104.93772783159928,115.06422119140623,111.22844238281247,113.66614563046512,111.88074749206919,20210306,100.0,104.6,-4.599999999999994,92.3,103.8,-11.5,100.5,106.9,-6.44,70.8,-5.162724527593099,155.99974113449505,73.51920341394025,-9.66743807576185,150.72895496421606,-5.6759742322263245,150.72895496421606,-9.66743807576185,150.72895496421606,-5.6759742322263245,175.2864034252532,99.2,106.6,-7.4,73.0,100.0,104.6,-4.599999999999994,92.3,103.8,-11.5,-4.588551007552784,163.2983364660315,0,86.28915828,105.9798969,-19.690738620000005,-18.89230529,97.15732752,98.87921159,-1.7218840700000015,-4.2572633,2021-03-06,9.300174798047294,141.1435983602694,8.939299892649181,141.1435983602694,1.4400000000000004,-43.379999999999995,-46.06245585116692,-44.81999999999999,2.682455851166928,1,0,1,0,1,0,1,0,1,0,1,0,1,0,1,0,1,0,1,0,0,1,0,1,0,1,0,1,0.9656599823247829,3.9400000000000004,0.9584899734871781,-3.098571428571428,-3.447692307692307,1,1.0,1,-1,-1,1,1.0,-3.0
