ATS,EMRating,EMRating3GameEMA,EMRating5GameExpMA,EMRating10GameExpMA,AdjO,AdjO3GameEMA,AdjD,AdjD3GameEMA,Date,HomeAway,Op Rank,Opponent,Result,Pace,PPP,EFG%,TO%,PPP1,EFG%1,TO%1,OverUnder,ATSVegas,OverUnderVegas,AdjO3ExpMA,AdjO3ExpMAS,AdjO5ExpMA,AdjO10ExpMA,AdjD3ExpMA,AdjD3ExpMAS,AdjD5ExpMA,AdjD10ExpMA,DateNew,AdjOECurrent,AdjDECurrent,AdjEMCurrent,AdjOECurrentOpp,AdjDECurrentOpp,AdjEMCurrentOpp,PomAdjOECurrent,PomAdjDECurrent,PomAdjEMCurrent,PomAdjTCurrent,PomSpread,PomTotal,PomTempo,TRankSpread,TRankTotal,B3GSpread,B3GTotal,TRankLast10Spread,TRankLast10Total,MC5Spread,MC5Total,PomAdjOECurrentOpp,PomAdjDECurrentOpp,PomAdjEMCurrentOpp,PomAdjTCurrentOpp,AdjOELast10,AdjDELast10,AdjEMLast10,AdjOEOppLast10,AdjDEOppLast10,AdjEMOppLast10,MC10Spread,MC10Total,MC10Edge,AdjOE_MG,AdjDE_MG,AdjEM_MG,Adj_Margin_EM_MG,AdjOE_MG_Opp,AdjDE_MG_Opp,AdjEM_MG_Opp,Adj_Margin_EM_MG_Opp,Dates,MG_Spread,MG_Total,MG_Rank_Score_Dif,MG_Rank_Total,GameDifRating,DifCumSum,DifCumSumEMA,DifCumSumShifted,DifOverplayingandEMA,PomSpreadWinATS,PomSpreadLossATS,PomTotalWinTotal,PomTotalLossTotal,TRankSpreadWinATS,TRankSpreadLossATS,TRankTotalWinTotal,TRankTotalLossTotal,B3GSpreadWinATS,B3GSpreadLossATS,B3GTotalWinTotal,B3GTotalLossTotal,TRankLast10SpreadWinATS,TRankLast10SpreadLossATS,TRankLast10TotalWinTotal,TRankLast10TotalLossTotal,MC5SpreadWinATS,MC5SpreadLossATS,MC5TotalWinTotal,MC5TotalLossTotal,MG_SpreadWinATS,MG_SpreadLossATS,MG_TotalWinTotal,MG_TotalLossTotal,MG_Rank_Score_DifWinATS,MG_Rank_Score_DifLossATS,MG_Rank_TotalWinTotal,MG_Rank_TotalLossTotal,PlayingOverRating,PlayingOverRating3,PlayingOverRatingShift,RollingMeanDiffEM,RollingMeanDiffEMShift,PlayingOverPomeroyTrue,PlayingOverPomeroyShiftTrue,PlayingOverDailyTrue,RollingMeanDiffEMTrue,RollingMeanDiffEMShiftTrue,SignalSum,SignalSumShift,SignalSumShiftAfterGame
-15.0,-16,,-16.700000000000006,-16.700000000000006,84.2,0.0,100.9,0.0,Wed 11-25 11-25,A,22 (I-A),Texas,"L, 91-55",77,71.2,29.0,12.9,117.8,63.9,23.3,8.5,21.0,137.5,84.2,0.0,84.2,84.2,100.9,0.0,100.9,100.9,20201125,94.8,104.9,-10.100000000000009,116.0,91.4,24.599999999999994,92.6,99.3,-6.7,74.3,24.21434234752583,136.47916368871495,73.98293029871978,30.90497258312316,158.28118624579415,34.75361749566377,158.28118624579415,30.90497258312316,158.28118624579415,34.75361749566377,138.76291899210239,106.9,84.7,22.18,70.0,94.8,104.9,-10.100000000000009,116.0,91.4,24.599999999999994,34.75361749566377,138.76291899210239,0,96.50412584,104.6018438,-8.097717959999997,-1.110356949,104.6018438,96.50412584,8.097717959999997,15.08507904,2020-11-25,16.60243799943511,153.50940970617353,14.19812489233614,153.50940970617353,-9.3,-9.3,0.0,0.0,-9.3,1,0,0,1,1,0,1,0,1,0,1,0,1,0,1,0,1,0,1,0,0,1,1,0,0,1,1,0,-10.000000000000007,,0.0,-9.3,0.0,-1,0.0,-1,-1,1,-3,0.0,0.0
22.0,17,,-5.400000000000002,-10.53636363636364,109.0,0.0,91.8,0.0,Sat 11-28 11-28,H,146 (Ⅳ),UTSA,"W, 81-64",70,116.5,50.8,12.9,92.1,45.0,18.7,-11.5,5.0,156.5,96.6,84.2,92.46666666666668,88.70909090909092,96.35,100.9,97.86666666666667,99.24545454545454,20201128,93.8,103.9,-10.100000000000009,107.8,102.7,5.099999999999994,94.3,101.5,-7.17,75.5,2.8532671795998823,163.0634335882499,81.0846372688478,8.135880180784909,171.90569352491923,-11.20303190521048,171.90569352491923,8.135880180784909,171.90569352491923,-11.20303190521048,165.37537227643358,104.2,102.4,1.83,75.5,93.8,103.9,-10.100000000000009,107.8,102.7,5.099999999999994,-11.20303190521048,165.37537227643358,0,94.11780312615244,103.54394952544037,-9.42614639928793,-3.7561642117456446,0.0,0.0,0.0,0.0,2020-11-28,0.0,0.0,,0.0,24.17,14.870000000000001,-9.3,-9.3,24.17,1,0,0,1,0,1,0,1,1,0,0,1,0,1,0,1,1,0,0,1,1,0,1,0,1,0,1,0,1.7699999999999978,,-10.000000000000007,7.4350000000000005,-9.3,1,-1.0,1,1,-1,3,-3.0,0.0
-6.5,-7,-2.433333333333332,-6.200000000000001,-10.038842975206613,86.8,93.33333333333331,94.6,95.76666666666664,Wed 12-02 12-02,H,335 (Ⅳ),Texas A&M Corpus Chris,"W, 62-59",69,90.3,44.8,20.4,86.0,40.6,27.7,-22.5,-9.5,143.5,91.7,96.6,90.57777777777778,88.36198347107437,95.475,96.35,96.7777777777778,98.40082644628096,20201202,93.3,101.3,-8.0,92.0,102.8,-10.799999999999995,94.8,100.0,-5.11,73.8,-9.52649600130762,145.79800782815119,75.89957325746798,-6.2102373941732765,146.6694129900707,-18.259515415680543,146.6694129900707,-6.2102373941732765,146.6694129900707,-18.259515415680543,139.51202736988813,92.8,105.5,-12.68,72.3,93.3,101.3,-8.0,92.0,102.8,-10.799999999999995,-18.097656886737816,139.59108588990154,0,95.3214319978529,102.34301354326496,-7.021581545412062,3.686380003397916,87.81287063791676,103.47475031650788,-15.66187967859112,-16.98545255790953,2020-12-02,-10.885092564493931,146.3320387703702,-17.6737055993147,146.3320387703702,-1.8899999999999997,12.98,-1.243333333333334,14.870000000000001,14.223333333333334,0,1,0,1,1,0,0,1,0,1,0,1,1,0,0,1,0,1,1,0,0,1,0,1,0,1,0,1,-1.0900000000000007,2.6766666666666685,1.7699999999999978,4.326666666666667,7.4350000000000005,-1,1.0,1,1,1,1,3.0,-3.0
1.5,-14,-1.7666666666666655,-9.033333333333337,-10.886326070623591,98.7,98.16666666666669,113.4,99.93333333333332,Sun 12-06 12-06,A,121 (Ⅲ),Texas A&M,"L, 81-68",71,95.1,42.5,18.2,113.3,62.5,22.4,14.5,14.5,134.5,95.2,91.7,93.28518518518518,90.24162283996996,104.4375,95.475,102.31851851851853,101.1279489105935,20201206,92.9,100.3,-7.399999999999991,100.2,92.0,8.200000000000003,93.8,99.3,-5.5,72.7,15.737813110160076,135.85395552207882,73.21706970128022,15.150190138706087,139.5265136959439,11.40978015583423,139.5265136959439,15.150190138706087,139.5265136959439,11.40978015583423,128.41835639819988,101.9,90.4,11.5,70.8,92.9,100.3,-7.399999999999991,100.2,92.0,8.200000000000003,11.378678867609027,128.31499526764415,0,87.65156267052119,104.29972365467157,-16.64816098415038,-10.981772838948359,97.79993449257309,97.27896481082504,0.520969681748042,-2.947554589662541,2020-12-06,16.45451160954321,140.53765235148126,7.789716091955867,140.53765235148126,-8.5,4.48,3.4977777777777765,12.98,0.9822222222222239,0,1,1,0,0,1,1,0,1,0,1,0,0,1,1,0,1,0,0,1,0,1,1,0,1,0,1,0,-3.5333333333333368,3.7333333333333343,-1.0900000000000007,1.12,4.326666666666667,-1,-1.0,1,1,1,1,1.0,3.0
2.0,-11,-11.433333333333335,-9.955555555555561,-11.052448603237488,84.1,89.86666666666667,95.9,101.29999999999997,Thu 12-10 12-10,A,335 (Ⅳ),Texas A&M Corpus Chris,"W, 68-64",76,89.8,39.4,22.5,84.6,45.8,31.7,-4.5,-2.0,136.5,89.64999999999998,95.2,90.22345679012345,89.1249641417936,100.16875,104.4375,100.17901234567906,100.17741274503105,20201210,93.8,101.1,-7.299999999999998,91.2,102.5,-11.299999999999995,94.6,100.0,-5.42,72.6,-0.9508943084266832,140.01414288129604,73.63271692745377,1.0017963558795202,141.68886126616496,-6.13344313169878,141.68886126616496,1.0017963558795202,141.68886126616496,-6.13344313169878,135.18408899205338,92.3,104.6,-12.31,71.3,93.8,101.1,-7.299999999999998,91.2,102.5,-11.299999999999995,-6.130782590105875,135.30406935389485,0,92.6174594197203,107.69327529606674,-15.07581587634644,-9.251260905435387,85.61976912011535,99.75211291879309,-14.132343798677738,-16.849465442203606,2020-12-10,3.7533954467371586,138.94273076186337,-3.80210979942472,138.94273076186337,-5.58,-1.0999999999999996,3.825185185185185,4.48,-4.9251851851851844,0,1,0,1,0,1,0,1,1,0,0,1,0,1,0,1,1,0,1,0,0,1,0,1,1,0,0,1,-4.535555555555561,-6.013333333333335,-3.5333333333333368,-0.22000000000000064,1.12,-1,-1.0,-1,-1,1,-3,1.0,1.0
-8.0,-13,-13.300000000000004,-11.103703703703712,-11.47927612992158,79.1,87.30000000000003,92.5,100.59999999999998,Mon 12-21 12-21,H,177 (Ⅲ),Sam Houston St.,"L, 69-66",80,83.0,35.7,22.6,86.7,33.6,25.1,-15.5,-5.0,150.5,84.375,89.64999999999998,86.51563786008232,87.3022433887402,96.334375,100.16875,97.61934156378601,98.78151951866177,20201221,94.3,101.4,-7.1000000000000085,93.1,103.9,-10.800000000000011,95.1,100.4,-5.34,72.5,-7.496658299367198,149.59727270457498,76.52204836415365,-7.0018785290888985,150.41768520929094,-7.268199166856296,150.41768520929094,-7.0018785290888985,150.41768520929094,-7.268199166856296,136.82367168606058,95.6,105.5,-9.89,74.2,94.3,101.4,-7.1000000000000085,93.1,103.9,-10.800000000000011,-7.116294542203335,140.70047157013806,0,92.81524039676613,102.74230216910694,-9.927061772340807,-3.6090828390991287,95.680166284555,100.09745754397119,-4.417291259416189,-6.79122657724547,2020-12-21,0.035546766205641234,149.30598391256027,-4.466239507295171,149.30598391256027,-7.66,-8.76,2.183456790123457,-1.0999999999999996,-10.943456790123456,0,1,1,0,0,1,1,0,0,1,1,0,0,1,1,0,0,1,1,0,1,0,1,0,1,0,1,0,-5.763703703703712,-7.960000000000004,-4.535555555555561,-1.4600000000000009,-0.22000000000000064,-1,-1.0,-1,-1,-1,-3,-3.0,1.0
26.5,25,-4.736951571734002e-15,0.9975308641975262,-4.810316833572199,97.7,86.96666666666668,72.5,86.96666666666665,Fri 1-15 1-15,H,321 (Ⅳ),Dixie St.,"W, 82-49",78,104.7,50.7,21.7,62.5,35.6,37.0,-16.0,-6.5,147.0,91.0375,84.375,90.24375857338819,89.19274459078743,84.4171875,96.334375,89.24622770919069,94.00306142435959,20210115,94.3,102.4,-8.100000000000009,94.1,110.0,-15.900000000000004,95.3,101.2,-5.98,71.2,-9.10415140452757,143.7526991323524,72.3140825035562,-9.59466533635323,148.13571192607503,-6.538311681506888,148.13571192607503,-9.59466533635323,148.13571192607503,-6.538311681506888,137.23340984019003,95.1,108.4,-13.31,71.4,94.3,102.4,-8.100000000000009,94.1,110.0,-15.900000000000004,-5.243716080419257,136.5865624521582,0,91.52949262301594,98.64987561136006,-7.120382988344119,-4.910146657175156,93.62378332501258,104.4591390038429,-10.835355678830325,-11.404085249111528,2021-01-15,-6.296354923716066,139.08826351592592,-6.555661601515247,139.08826351592592,30.98,22.22,-1.4643621399176951,-8.76,23.684362139917695,1,0,1,0,1,0,0,1,1,0,0,1,1,0,0,1,1,0,1,0,0,1,1,0,1,0,1,0,6.977530864197527,5.979999999999996,-5.763703703703712,3.1742857142857144,-1.4600000000000009,1,-1.0,1,1,-1,3,-3.0,-3.0
-2.0,-11,0.0,-3.268312757201648,-6.0811683183772525,92.4,89.73333333333333,104.2,89.7333333333333,Sat 1-16 1-16,H,321 (Ⅳ),Dixie St.,"W, 72-65",72,99.8,49.2,18.0,90.1,47.3,24.9,-6.5,-9.0,143.5,91.71875,91.0375,90.96250571559213,89.77588193791698,94.30859375,84.4171875,94.23081847279379,95.85705025629423,20210116,94.3,102.4,-8.100000000000009,94.1,110.1,-16.0,95.3,101.3,-6.0,71.3,-9.107792121361399,144.0313833612546,72.31422475106685,-9.666379465143606,148.2076912417363,-12.006576686063045,148.2076912417363,-9.666379465143606,148.2076912417363,-12.006576686063045,130.5799826120932,95.2,108.6,-13.32,71.3,94.3,102.4,-8.100000000000009,94.1,110.1,-16.0,-12.628669993293283,132.7216981817544,0,91.08042532787064,95.04985731376516,-3.9694319858945164,1.5698093295343805,89.94844392613882,103.66840756621923,-13.719963640080408,-10.865043681609588,2021-01-16,-10.326496309952674,133.24997417856787,-10.922860973726358,133.24997417856787,-5.0,17.22,6.43042524005487,22.22,10.789574759945129,0,1,0,1,0,1,0,1,0,1,0,1,0,1,0,1,0,1,1,0,0,1,1,0,0,1,1,0,2.731687242798352,6.0,6.977530864197527,2.1525,3.1742857142857144,1,1.0,1,1,1,3,3.0,-3.0
0.0,-8,1.7666666666666655,-4.878875171467769,-6.448228624126845,102.6,97.56666666666668,110.7,95.79999999999997,Sat 2-06 2-06,A,252 (Ⅲ),Texas Southern,"L, 77-75",72,103.6,51.6,15.2,106.3,50.8,19.3,6.0,2.0,146.0,97.159375,91.71875,94.84167047706144,92.10753976738664,102.504296875,94.30859375,99.72054564852921,98.55576839151344,20210206,93.7,100.6,-6.899999999999992,97.2,103.5,-6.299999999999998,94.8,100.4,-5.56,70.5,3.2158636584259597,137.24791443446554,70.199146514936,4.495178579119354,139.9610104178883,0.18409660831065158,139.9610104178883,4.495178579119354,139.9610104178883,0.18409660831065158,124.26298312479058,97.4,104.1,-6.75,70.0,93.7,100.6,-6.899999999999992,97.2,103.5,-6.299999999999998,2.4637498027760527,133.61434018698762,0,90.92461533388115,96.11949970743422,-5.194884373553066,-0.6085518091955899,98.02139097342754,103.9858047637597,-5.964413790332159,-8.9510772869202,2021-02-06,3.559217437192757,135.62957606195002,-3.984756473232096,135.62957606195002,-2.4400000000000004,14.779999999999998,10.02695016003658,17.22,4.753049839963417,1,0,0,1,1,0,0,1,1,0,0,1,1,0,0,1,1,0,0,1,1,0,0,1,1,0,0,1,0.6811248285322309,7.326666666666665,2.731687242798352,1.6422222222222222,2.1525,1,1.0,1,1,1,3,3.0,3.0
-1.5,-5,-8.533333333333337,-5.1525834476451795,-6.312187056103783,91.5,95.5,97.2,104.0333333333333,Fri 2-26 2-26,A,185 (Ⅲ),Utah Valley,"L, 78-74",80,92.5,38.3,13.7,97.5,47.4,26.2,7.0,2.5,145.0,94.3296875,97.159375,93.72778031804096,91.99707799149814,99.8521484375,102.504296875,98.88036376568613,98.30926504760193,20210226,95.1,98.7,-3.6000000000000085,100.7,105.3,-4.599999999999994,96.2,101.7,-5.49,70.7,3.6916268688577674,144.03313603076595,71.20284495021338,3.523443559024841,145.3490377282302,0.6012509262444851,145.3490377282302,3.523443559024841,145.3490377282302,0.6012509262444851,137.11618429921648,99.7,105.9,-6.15,70.8,95.1,98.7,-3.6000000000000085,100.7,105.3,-4.599999999999994,6.106568489978624,139.7006675912903,0,90.7766282,96.14248109,-5.365852889999999,-0.694435105,98.6118657,100.0257273,-1.4138616000000042,0.359752281,2021-02-26,6.705320769079748,135.3025137005877,2.740954816852792,135.3025137005877,0.4900000000000002,15.269999999999998,11.611300106691054,14.779999999999998,3.6586998933089436,1,0,0,1,1,0,1,0,0,1,1,0,1,0,1,0,0,1,0,1,1,0,0,1,1,0,0,1,0.3374165523548207,-3.0433333333333366,0.6811248285322309,1.5270000000000001,1.6422222222222222,1,1.0,1,1,1,3,3.0,3.0
-5.5,-17,-10.533333333333337,-9.368388965096788,-8.400880318630367,95.7,96.60000000000002,113.5,107.13333333333333,Sat 2-27 2-27,A,185 (Ⅲ),Utah Valley,"L, 73-64",65,98.4,47.6,13.8,112.2,46.5,20.0,-8.0,3.5,145.0,95.01484375,94.3296875,94.385186878694,92.67033653849847,106.67607421875,99.8521484375,103.75357584379076,101.07121685712885,20210227,95.1,98.9,-3.8000000000000114,100.7,105.4,-4.700000000000003,96.2,101.7,-5.49,70.7,3.6916268688577674,144.03313603076595,71.20284495021338,3.606933286424038,145.56721462957927,1.7886716280870227,145.56721462957927,3.606933286424038,145.56721462957927,1.7886716280870227,136.82877246366857,99.7,105.9,-6.15,70.8,95.1,98.9,-3.8000000000000114,100.7,105.4,-4.700000000000003,3.9637255084950636,140.97257302731663,0,90.7766282,96.14248109,-5.365852889999999,-0.694435105,98.6118657,100.0257273,-1.4138616000000042,0.359752281,2021-02-27,6.705320769079748,135.3025137005877,2.740954816852792,135.3025137005877,-11.51,3.759999999999998,12.830866737794036,15.269999999999998,-9.070866737794038,1,0,1,0,1,0,0,1,0,1,0,1,1,0,0,1,0,1,1,0,1,0,1,0,0,1,1,0,-3.8783889650967875,-5.0433333333333366,0.3374165523548207,0.3418181818181827,1.5270000000000001,-1,1.0,-1,1,1,-1,3.0,3.0
-9.0,-21,-14.966666666666667,-13.378925976731193,-10.764356624333935,79.8,89.00000000000004,101.2,103.96666666666664,Tue 3-02 3-02,N,165 (Ⅲ),New Mexico St.,"L, 69-51",65,78.3,41.8,24.6,106.0,44.1,18.4,-15.5,9.0,135.5,87.40742187500003,95.01484375,89.52345791912933,90.33027534968058,103.938037109375,106.67607421875,102.90238389586052,101.09463197401449,20210302,94.7,101.8,-7.099999999999994,103.5,104.9,-1.4000000000000057,96.1,102.1,-5.97,70.2,4.031486991783623,133.1734536285854,65.30697012802277,4.033529243682025,137.0941183901262,4.484046691130802,137.0941183901262,4.033529243682025,137.0941183901262,4.484046691130802,128.7041614130562,103.4,103.4,-0.05,65.4,94.7,101.8,-7.099999999999994,103.5,104.9,-1.4000000000000057,2.8786872308941196,132.86468014890673,0,90.7766282,96.14248109,-5.365852889999999,-0.694435105,96.6576963,95.97479851,0.6828977899999984,1.7403662290000002,2021-03-02,3.8886828880484074,120.58448437439807,1.5900949798720774,120.58448437439807,-15.030000000000001,-11.270000000000003,9.80724449186269,3.759999999999998,-21.077244491862693,0,1,1,0,0,1,0,1,0,1,0,1,0,1,0,1,0,1,1,0,0,1,1,0,0,1,1,0,-7.408925976731193,-8.996666666666666,-3.8783889650967875,-0.939166666666666,0.3418181818181827,-1,-1.0,-1,-1,1,-3,-1.0,3.0
-21.5,-28,-22.53333333333333,-18.385950651154133,-13.970837238091402,73.8,83.10000000000005,102.2,105.63333333333333,Fri 3-05 3-05,H,210 (Ⅳ),Tarleton St.,"L, 65-47",64,73.1,36.0,23.3,101.1,47.8,24.9,-20.0,-3.5,132.0,80.60371093750003,87.40742187500003,84.28230527941956,87.32477074064774,103.0690185546875,103.938037109375,102.6682559305737,101.29560797873913,20210305,95.2,105.2,-10.0,91.0,111.0,-20.0,94.9,101.9,-7.07,69.9,-6.951832891172522,128.9611935063752,64.33186344238977,-10.283920661691724,133.14012508954036,2.4448737018211397,133.14012508954036,-10.283920661691724,133.14012508954036,2.4448737018211397,127.88496118652155,96.2,108.8,-12.61,64.7,95.2,105.2,-10.0,91.0,111.0,-20.0,-2.2669589667956696,124.68209811782513,0,90.7766282,96.14248109,-5.365852889999999,-0.694435105,98.62484597,98.91011937,-0.28527340000000834,-1.837947226,2021-03-05,-0.08905300399275973,121.77533594131216,-2.5141270301135634,121.77533594131216,-20.93,-32.2,2.7814963279084592,-11.270000000000003,-34.98149632790846,0,1,1,0,0,1,0,1,1,0,0,1,0,1,0,1,1,0,1,0,1,0,1,0,1,0,1,0,-11.315950651154132,-15.463333333333331,-7.408925976731193,-2.476923076923076,-0.939166666666666,-1,-1.0,-1,-1,-1,-3,-3.0,-1.0
-14.0,-16,-22.13333333333334,-17.79063376743609,-14.448866831165693,84.3,79.30000000000005,100.9,101.43333333333332,Sat 3-06 3-06,H,210 (Ⅳ),Tarleton St.,"L, 69-58",69,84.0,45.1,29.0,99.9,51.7,13.0,-4.0,-3.0,131.0,82.45185546875003,80.60371093750003,84.28820351961305,86.77481242416634,101.98450927734378,103.0690185546875,102.07883728704914,101.22367925533199,20210306,95.2,105.2,-10.0,91.0,111.0,-20.0,92.9,101.9,-8.95,70.0,-4.118775703896901,126.87315142703822,64.52347083926031,-10.313626977259375,133.52471601558273,4.38549368762452,133.52471601558273,-10.313626977259375,133.52471601558273,4.38549368762452,121.3650561725812,96.5,106.8,-10.25,64.8,95.2,105.2,-10.0,91.0,111.0,-20.0,0.610189722989947,124.49273029145897,0,90.7766282,96.14248109,-5.365852889999999,-0.694435105,98.62484597,98.91011937,-0.28527340000000834,-1.837947226,2021-03-06,-0.08931024407908694,122.12709833591178,-2.5216151597877996,122.12709833591178,-7.050000000000001,-39.25,-8.879002448061028,-32.2,-30.37099755193897,0,1,1,0,0,1,0,1,1,0,0,1,0,1,0,1,1,0,1,0,1,0,1,0,1,0,1,0,-8.840633767436092,-13.18333333333334,-11.315950651154132,-2.803571428571428,-2.476923076923076,-1,-1.0,-1,-1,-1,-3,-3.0,-3.0
