ATS,EMRating,EMRating3GameEMA,EMRating5GameExpMA,EMRating10GameExpMA,AdjO,AdjO3GameEMA,AdjD,AdjD3GameEMA,Date,HomeAway,Op Rank,Opponent,Result,Pace,PPP,EFG%,TO%,PPP1,EFG%1,TO%1,OverUnder,ATSVegas,OverUnderVegas,AdjO3ExpMA,AdjO3ExpMAS,AdjO5ExpMA,AdjO10ExpMA,AdjD3ExpMA,AdjD3ExpMAS,AdjD5ExpMA,AdjD10ExpMA,DateNew,AdjOECurrent,AdjDECurrent,AdjEMCurrent,AdjOECurrentOpp,AdjDECurrentOpp,AdjEMCurrentOpp,PomAdjOECurrent,PomAdjDECurrent,PomAdjEMCurrent,PomAdjTCurrent,PomSpread,PomTotal,PomTempo,TRankSpread,TRankTotal,B3GSpread,B3GTotal,TRankLast10Spread,TRankLast10Total,MC5Spread,MC5Total,PomAdjOECurrentOpp,PomAdjDECurrentOpp,PomAdjEMCurrentOpp,PomAdjTCurrentOpp,AdjOELast10,AdjDELast10,AdjEMLast10,AdjOEOppLast10,AdjDEOppLast10,AdjEMOppLast10,MC10Spread,MC10Total,MC10Edge,AdjOE_MG,AdjDE_MG,AdjEM_MG,Adj_Margin_EM_MG,AdjOE_MG_Opp,AdjDE_MG_Opp,AdjEM_MG_Opp,Adj_Margin_EM_MG_Opp,Dates,MG_Spread,MG_Total,MG_Rank_Score_Dif,MG_Rank_Total,GameDifRating,DifCumSum,DifCumSumEMA,DifCumSumShifted,DifOverplayingandEMA,PomSpreadWinATS,PomSpreadLossATS,PomTotalWinTotal,PomTotalLossTotal,TRankSpreadWinATS,TRankSpreadLossATS,TRankTotalWinTotal,TRankTotalLossTotal,B3GSpreadWinATS,B3GSpreadLossATS,B3GTotalWinTotal,B3GTotalLossTotal,TRankLast10SpreadWinATS,TRankLast10SpreadLossATS,TRankLast10TotalWinTotal,TRankLast10TotalLossTotal,MC5SpreadWinATS,MC5SpreadLossATS,MC5TotalWinTotal,MC5TotalLossTotal,MG_SpreadWinATS,MG_SpreadLossATS,MG_TotalWinTotal,MG_TotalLossTotal,MG_Rank_Score_DifWinATS,MG_Rank_Score_DifLossATS,MG_Rank_TotalWinTotal,MG_Rank_TotalLossTotal,PlayingOverRating,PlayingOverRating3,PlayingOverRatingShift,RollingMeanDiffEM,RollingMeanDiffEMShift,PlayingOverPomeroyTrue,PlayingOverPomeroyShiftTrue,PlayingOverDailyTrue,RollingMeanDiffEMTrue,RollingMeanDiffEMShiftTrue,SignalSum,SignalSumShift,SignalSumShiftAfterGame
-18.0,-19,,-19.700000000000006,-19.700000000000006,87.3,0.0,107.0,0.0,Mon 12-21 12-21,A,243 (Ⅲ),UMass Lowell,"L, 73-65",71,91.7,49.0,22.6,103.0,59.4,21.2,-4.5,-10.0,142.5,87.3,0.0,87.3,87.3,107.0,0.0,107.0,107.0,20201221,106.5,95.7,10.799999999999995,98.7,107.3,-8.599999999999994,104.0,95.6,8.41,69.1,-5.825995588621893,141.5994794626116,70.18122332859176,-10.039318799951559,149.54541067793937,13.649907309352784,149.54541067793937,-10.039318799951559,149.54541067793937,13.649907309352784,136.062811854602,98.9,104.4,-5.44,71.4,106.5,95.7,10.799999999999995,98.7,107.3,-8.599999999999994,13.753672394089547,136.15424911944223,0,0.0,0.0,0.0,0.0,98.59860411126706,101.45476798213372,-2.856163870866652,-7.796437065814249,2020-12-21,-0.0,0.0,,0.0,-27.41,-27.41,0.0,0.0,-27.41,1,0,1,0,0,1,0,1,1,0,0,1,0,1,0,1,1,0,1,0,1,0,1,0,0,1,1,0,-28.110000000000007,,0.0,-27.41,0.0,-1,0.0,-1,-1,1,-3,0.0,0.0
0.0,3,,-12.033333333333333,-15.51818181818182,83.9,0.0,80.6,0.0,Tue 12-22 12-22,A,243 (Ⅲ),UMass Lowell,"W, 62-53",70,89.2,37.0,15.8,76.2,48.9,30.2,-28.0,-9.0,143.0,85.6,87.3,86.16666666666669,86.68181818181819,93.8,107.0,98.2,102.2,20201222,106.7,95.9,10.799999999999995,98.9,107.5,-8.599999999999994,104.0,95.6,8.41,69.0,-5.817564335961052,141.394559810712,70.0796586059744,-10.036614978256182,149.92042853690427,16.69540360657888,149.92042853690427,-10.036614978256182,149.92042853690427,16.69540360657888,135.37336963707352,98.9,104.4,-5.46,71.4,106.7,95.9,10.799999999999995,98.9,107.5,-8.599999999999994,16.482553788771106,135.27470671422546,0,93.70460718299836,101.36481183288727,-7.660204649888911,3.2427810727129,98.79657578186425,100.4819033186592,-1.6853275367949578,-4.521170547610668,2020-12-22,8.198000378280554,139.5024011450534,-3.4912628226037583,139.5024011450534,-5.41,-32.82,-27.41,-27.41,-5.41,1,0,1,0,1,0,0,1,1,0,0,1,1,0,0,1,1,0,1,0,1,0,1,0,1,0,1,0,-20.443333333333335,,-28.110000000000007,-16.41,-27.41,-1,-1.0,-1,-1,-1,-3,-3.0,0.0
3.5,13,-0.9333333333333323,-3.4888888888888925,-10.22396694214876,118.5,96.56666666666666,104.9,97.5,Sun 12-27 12-27,H,302 (Ⅳ),NJIT,"W, 92-78",77,120.2,66.1,18.3,101.9,41.0,13.1,36.0,-10.5,134.0,102.05,85.6,96.94444444444444,92.46694214876032,99.35,93.8,100.43333333333337,102.69090909090907,20201227,103.4,95.8,7.600000000000008,99.0,102.0,-3.0,102.3,95.1,7.18,69.2,-10.56760603389614,133.74728451541006,68.80625889046942,-11.439446994986,141.36366637295413,0.8414309328601017,141.36366637295413,-11.439446994986,141.36366637295413,0.8414309328601017,120.35541344554782,97.3,100.2,-2.86,69.9,103.4,95.8,7.600000000000008,99.0,102.0,-3.0,0.8095185176524416,120.25205368101581,0,92.53403194073452,93.9435798467136,-1.4095479059790819,7.434483242439043,100.97032444412514,97.19073517823216,3.77958926589298,-0.7951242917547869,2020-12-27,-0.17790628161630195,130.12012255945035,-7.653016437695982,130.12012255945035,5.82,-27.0,-29.21333333333334,-32.82,2.2133333333333383,1,0,0,1,1,0,1,0,0,1,1,0,1,0,1,0,0,1,0,1,0,1,0,1,0,1,0,1,-10.668888888888892,-8.113333333333332,-20.443333333333335,-9.0,-16.41,-1,-1.0,1,-1,-1,-1,-3.0,-3.0
-11.5,-15,0.4333333333333324,-7.5259259259259315,-11.201427498121712,102.1,101.5,117.7,101.06666666666666,Mon 12-28 12-28,H,302 (Ⅳ),NJIT,"L, 81-80 2OT",74,107.5,50.8,14.8,108.9,56.1,16.1,20.5,-10.5,140.5,102.075,102.05,98.662962962963,94.21840721262207,108.525,99.35,106.18888888888893,105.41983471074379,20201228,107.7,96.9,10.799999999999995,100.4,102.5,-2.0999999999999943,102.3,95.1,7.18,69.2,-10.56760603389614,133.74728451541006,68.80625889046942,-13.33166406211275,146.60611509810963,-8.922668986274438,146.60611509810963,-13.33166406211275,146.60611509810963,-8.922668986274438,135.58910900849912,97.3,100.2,-2.86,69.9,107.7,96.9,10.799999999999995,100.4,102.5,-2.0999999999999943,-9.131013816743131,135.52356026827587,0,98.24988911915341,97.53129064852436,0.7185984706290469,8.27533771270175,103.32128750250168,102.95412184748392,0.36716565501775733,-3.9280989241740736,2020-12-28,-4.252350013968169,142.2981485044253,-10.365179868092213,142.2981485044253,-22.18,-49.18,-28.475555555555562,-27.0,-20.704444444444437,0,1,0,1,0,1,1,0,1,0,1,0,0,1,1,0,1,0,0,1,1,0,1,0,1,0,1,0,-14.705925925925932,-6.746666666666667,-10.668888888888892,-12.295,-9.0,-1,-1.0,-1,-1,-1,-3,-1.0,-3.0
-14.0,-1,-1.0666666666666675,-5.417283950617285,-9.382986134826853,94.4,105.0,95.6,106.06666666666663,Sat 1-02 1-02,H,208 (Ⅳ),Albany,"L, 63-62",66,93.4,48.3,22.6,94.9,52.0,19.6,-9.5,-13.0,134.5,98.2375,102.075,97.24197530864201,94.25142408305443,102.0625,108.525,102.65925925925929,103.63441021788128,20210102,104.4,98.0,6.400000000000006,96.3,104.7,-8.400000000000006,103.6,97.3,6.33,69.1,-15.629438149182533,135.6997906115296,68.51024182076813,-14.480059894632376,143.222676237849,-5.140858666006186,143.222676237849,-14.480059894632376,143.222676237849,-5.140858666006186,131.74683694316246,93.1,104.2,-11.17,69.7,104.4,98.0,6.400000000000006,96.3,104.7,-8.400000000000006,-5.026421559111621,131.84475313326078,0,98.5440902267142,98.69320792704077,-0.14911770032657046,4.486895268296436,92.76758187006244,104.02248980487104,-11.2549079348086,-13.444996718271732,2021-01-02,-11.498174170763711,136.39559485122788,-14.117548296495322,136.39559485122788,-7.33,-56.51,-35.37703703703704,-49.18,-21.132962962962957,0,1,0,1,0,1,0,1,1,0,0,1,0,1,0,1,1,0,1,0,1,0,0,1,0,1,0,1,-11.747283950617284,-7.396666666666667,-14.705925925925932,-11.302,-12.295,-1,-1.0,-1,-1,-1,-3,-3.0,-1.0
-3.5,0,-5.400000000000001,-3.4115226337448585,-7.567897746676517,106.0,100.83333333333331,105.4,106.2333333333333,Sun 1-03 1-03,H,208 (Ⅳ),Albany,"W, 74-66",67,110.8,53.8,23.9,98.8,54.7,19.5,6.5,-11.5,133.5,102.11875,98.2375,100.161316872428,96.3875287952263,103.73125,102.0625,103.57283950617287,103.95542654190285,20210103,104.4,98.0,6.400000000000006,96.2,104.6,-8.399999999999991,103.6,97.3,6.34,69.1,-15.607014278093317,135.50509937679286,68.41194879089616,-14.451418974041488,142.8810621621397,-4.467706855818367,142.8810621621397,-14.451418974041488,142.8810621621397,-4.467706855818367,129.14842129563658,93.1,104.2,-11.18,69.6,104.4,98.0,6.400000000000006,96.2,104.6,-8.399999999999991,-4.34280979302079,129.07202547230148,0,96.6889327804222,101.59675604509735,-4.9078232646751445,-3.0691128668237213,94.30882321497292,99.63116488015983,-5.3223416651869115,-9.98482072992696,2021-01-03,-4.132111455885791,134.65789088900354,-6.521678782835579,134.65789088900354,-6.34,-62.849999999999994,-42.42135802469136,-56.51,-20.428641975308636,0,1,1,0,0,1,1,0,1,0,1,0,0,1,1,0,1,0,0,1,1,0,1,0,1,0,1,0,-9.751522633744859,-11.740000000000002,-11.747283950617284,-10.475,-11.302,-1,-1.0,-1,-1,-1,-3,-3.0,-3.0
3.5,15,4.86666666666667,2.7923182441700947,-3.428279974553513,113.0,104.46666666666664,97.8,99.59999999999998,Sat 1-09 1-09,A,306 (Ⅳ),Binghamton,"W, 76-60",63,120.9,56.4,14.3,95.4,51.9,15.9,1.0,-12.5,135.0,107.559375,102.11875,104.440877914952,99.40797810518518,100.765625,103.73125,101.64855967078192,102.8362580797387,20210109,103.7,99.7,4.0,96.7,111.4,-14.700000000000005,103.4,99.0,4.38,68.2,-10.588268126916077,135.1745012675459,65.2896159317212,-8.825691518097287,141.5680488217414,-3.52201003018104,141.5680488217414,-8.825691518097287,141.5680488217414,-3.52201003018104,144.93383055091113,94.2,111.6,-17.38,67.3,103.7,99.7,4.0,96.7,111.4,-14.700000000000005,-2.9453078131410555,136.81051636850165,0,99.85236378,101.9856648,-2.1333010199999904,-2.2334865809999997,98.77604641,105.705044,-6.9289975899999945,-9.884913059,2021-01-09,0.6451088629301296,138.05559462019787,-3.278246506844418,138.05559462019787,10.620000000000001,-52.22999999999999,-49.23090534979424,-62.849999999999994,-2.9990946502057483,0,1,1,0,0,1,1,0,0,1,1,0,0,1,1,0,0,1,1,0,0,1,1,0,0,1,1,0,-1.5876817558299052,0.4866666666666699,-9.751522633744859,-7.461428571428571,-10.475,-1,-1.0,-1,-1,-1,-3,-3.0,-3.0
26.5,39,18.399999999999995,14.994878829446723,4.358680020819852,118.8,112.59999999999998,79.4,94.19999999999996,Sun 1-10 1-10,A,306 (Ⅳ),Binghamton,"W, 84-44",63,134.4,62.0,9.6,70.4,24.2,16.0,-8.0,-13.5,136.0,113.1796875,107.559375,109.22725194330134,102.93380026787878,90.0828125,100.765625,94.23237311385462,98.57512024705892,20210110,103.7,99.7,4.0,96.7,111.4,-14.700000000000005,103.3,98.9,4.38,68.2,-10.499838067941191,134.775292816208,65.19260312944525,-8.812967339866532,141.36394729821848,-6.127101017295449,141.36394729821848,-8.812967339866532,141.36394729821848,-6.127101017295449,150.7947074505242,94.2,111.5,-17.33,67.2,103.7,99.7,4.0,96.7,111.4,-14.700000000000005,-6.211896910661837,137.59633018450526,0,99.85236377841268,101.98566478663237,-2.1333010082196893,-2.233486581324084,98.77604640959062,105.70504402093704,-6.928997611346418,-9.884913059193641,2021-01-10,0.6441787745532537,137.85655707617826,-3.273375412400277,137.85655707617826,34.62,-17.609999999999992,-50.230603566529496,-52.22999999999999,32.6206035665295,0,1,1,0,0,1,0,1,0,1,0,1,0,1,0,1,0,1,0,1,0,1,0,1,0,1,0,1,10.614878829446724,14.019999999999996,-1.5876817558299052,-2.20125,-7.461428571428571,1,-1.0,1,-1,-1,1,-3.0,-3.0
17.5,28,27.73333333333333,19.529919219631147,8.766192744307151,88.8,106.86666666666666,60.2,79.1333333333333,Sat 1-16 1-16,H,333 (Ⅳ),Maine,"W, 65-30",68,95.3,48.2,20.5,44.0,24.5,30.8,-29.5,-17.5,124.5,100.98984375,113.1796875,102.41816796220091,100.36401840099172,75.14140625,90.0828125,82.88824874256976,91.59782565668458,20210116,104.9,99.4,5.5,91.0,102.6,-11.599999999999996,104.7,99.0,5.7,67.4,-17.16306030259269,120.71735050214306,61.647510668563314,-14.390699113668063,125.77576422157077,-16.774492263303507,125.77576422157077,-14.390699113668063,125.77576422157077,-16.774492263303507,115.03824517024904,87.7,104.4,-16.61,64.3,104.9,99.4,5.5,91.0,102.6,-11.599999999999996,-15.367528785683223,114.46447861943045,0,102.07116847261663,99.82773067597307,2.243437796643562,0.21600203016517786,96.11741878254787,94.0024440585689,2.1149747239789747,2.3335391898517663,2021-01-16,-3.4013667173172024,121.55647006082677,-0.4427255540297139,121.55647006082677,22.3,4.690000000000008,-39.357069044353,-17.609999999999992,44.04706904435301,0,1,1,0,0,1,0,1,0,1,0,1,0,1,0,1,0,1,1,0,0,1,1,0,0,1,1,0,13.829919219631147,22.03333333333333,10.614878829446724,0.5211111111111109,-2.20125,1,1.0,1,1,-1,3,1.0,-3.0
10.0,17,28.63333333333333,18.986612813087437,10.426884972614939,121.3,109.63333333333333,103.4,80.99999999999996,Sun 1-17 1-17,H,333 (Ⅳ),Maine,"W, 88-60",71,123.5,68.0,30.9,84.2,44.3,25.3,26.5,-18.0,121.5,111.144921875,100.98984375,108.71211197480059,104.1705605099023,89.27070312500003,75.14140625,89.72549916171317,93.74367553728737,20210117,104.6,99.2,5.399999999999992,90.7,102.3,-11.599999999999996,104.8,99.1,5.67,67.4,-17.117507055149325,120.89459468636267,61.647510668563314,-14.281224488420257,125.0757101059107,-21.881758223164358,125.0757101059107,-14.281224488420257,125.0757101059107,-21.881758223164358,102.0509155027183,87.8,104.4,-16.62,64.3,104.6,99.2,5.399999999999992,90.7,102.3,-11.599999999999996,-17.546378323720827,107.7399915483024,0,100.43410711987059,94.27967640776275,6.154430712107839,5.538636127266997,91.9828002404033,92.394744992835,-0.41194475243170814,2.2728100460641594,2021-01-17,-7.03125465937336,113.81960958934702,-3.806848650129041,113.81960958934702,11.33,16.02000000000001,-24.674712696235332,4.690000000000008,40.69471269623534,0,1,0,1,0,1,1,0,1,0,1,0,0,1,1,0,1,0,0,1,0,1,0,1,0,1,0,1,13.316612813087437,22.96333333333333,13.829919219631147,1.6019999999999994,0.5211111111111109,1,1.0,1,1,1,3,3.0,1.0
-2.0,2,16.33333333333333,13.491075208724956,8.985633159412224,132.8,114.3,130.3,97.96666666666664,Sat 2-13 2-13,H,237 (Ⅳ),Stony Brook,"W, 86-78",65,132.4,66.0,9.2,120.0,50.0,7.7,33.0,-10.0,131.0,121.9724609375,111.144921875,116.7414079832004,109.37591314446553,109.7853515625,89.27070312500003,103.25033277447544,100.3902799850533,20210213,103.1,97.8,5.299999999999997,94.3,101.8,-7.5,104.8,97.8,7.02,67.0,-13.115271847146502,126.6892276370754,63.854907539118074,-11.961327610013754,129.46635705284245,-17.590803627674696,129.46635705284245,-11.961327610013754,129.46635705284245,-17.590803627674696,115.75336083325129,94.0,102.1,-8.05,67.0,103.1,97.8,5.299999999999997,94.3,101.8,-7.5,-12.936480520182949,122.2283074405184,0,99.98328530654881,94.36671622200107,5.616569084547734,3.6639393935881497,99.72048615941972,103.52615168592978,-3.8056655265100545,-4.284776792918825,2021-02-13,-9.790346535831091,129.68757330455122,-6.858032690473912,129.68757330455122,-5.02,11.00000000000001,-11.109808464156888,16.02000000000001,22.1098084641569,0,1,0,1,0,1,0,1,0,1,0,1,0,1,0,1,0,1,0,1,1,0,0,1,1,0,0,1,6.471075208724956,9.313333333333329,13.316612813087437,1.0,1.6019999999999994,1,1.0,1,1,1,3,3.0,3.0
-7.0,0,6.966666666666664,9.16071680581664,7.442790766791817,95.2,116.43333333333332,94.7,109.46666666666664,Sun 2-14 2-14,H,237 (Ⅳ),Stony Brook,"W, 61-57",65,94.2,44.1,18.5,88.0,36.8,18.5,-16.0,-11.0,134.0,108.58623046875,121.9724609375,109.56093865546694,106.79847439092634,102.24267578125,109.7853515625,100.40022184965031,99.35568362413453,20210214,103.3,97.9,5.399999999999992,94.6,102.0,-7.400000000000006,104.8,97.7,7.07,67.1,-13.132557955136647,126.88060496115123,63.950213371266,-12.007875393801747,130.17802815984302,-21.316499603831208,130.17802815984302,-12.007875393801747,130.17802815984302,-21.316499603831208,134.58246180685126,94.1,102.1,-7.93,67.0,103.3,97.9,5.399999999999992,94.6,102.0,-7.400000000000006,-16.192518417138047,130.69897422923873,0,100.87377148673424,94.32760548297043,6.546166003763815,4.523287975371321,100.18226227908718,103.23184799516643,-3.0495857160792497,-3.5990265907956487,2021-02-14,-9.973216023203875,130.54997698005525,-6.993118409930254,130.54997698005525,-7.07,3.9300000000000104,-3.739872309437923,11.00000000000001,7.669872309437933,0,1,1,0,0,1,1,0,0,1,1,0,0,1,1,0,0,1,0,1,1,0,1,0,1,0,1,0,2.0907168058166405,-0.10333333333333616,6.471075208724956,0.32750000000000057,1.0,1,1.0,1,1,1,3,3.0,3.0
5.0,15,6.133333333333336,11.24047787054443,8.889556081920578,128.8,118.93333333333332,113.4,112.79999999999997,Thu 2-18 2-18,A,165 (Ⅱ),UMBC,"W, 80-71",64,124.8,64.2,15.6,110.7,51.7,12.5,16.5,-4.0,134.5,118.693115234375,108.58623046875,115.97395910364463,110.79875177439429,107.821337890625,102.24267578125,104.7334812331002,101.90919569247367,20210218,105.2,100.4,4.799999999999997,98.9,99.5,-0.5999999999999943,105.8,99.8,6.0,66.6,-0.22109800264571788,130.9366134091626,63.94736842105263,0.21765560403288475,133.77078057110492,-6.331899650212792,133.77078057110492,0.21765560403288475,133.77078057110492,-6.331899650212792,129.19676198331572,100.1,100.2,-0.06,67.5,105.2,100.4,4.799999999999997,98.9,99.5,-0.5999999999999943,-4.427128545935838,131.89749372997275,0,100.87072771587627,94.43971501487137,6.431012701004903,4.367282441344523,98.5361562978739,95.6563832292542,2.8797730686196985,-0.5942629989210078,2021-02-18,1.2301029353914146,124.34038999805237,-1.3484729732668512,124.34038999805237,9.0,12.93000000000001,-1.1832482062919454,3.9300000000000104,14.113248206291956,0,1,0,1,0,1,0,1,1,0,0,1,0,1,0,1,1,0,0,1,0,1,0,1,0,1,0,1,5.24047787054443,0.1333333333333364,2.0907168058166405,0.9946153846153853,0.32750000000000057,1,1.0,1,1,1,3,3.0,3.0
-15.5,-15,0.3000000000000019,2.4936519136962865,4.54600043066229,82.4,102.13333333333333,97.4,101.83333333333329,Fri 2-19 2-19,A,165 (Ⅱ),UMBC,"L, 66-55",69,79.6,38.5,17.4,95.5,42.2,11.6,-16.5,-4.5,137.5,100.5465576171875,118.693115234375,104.7826394024298,105.63534236086805,102.61066894531253,107.821337890625,102.28898748873348,101.08934193020572,20210219,105.5,100.5,5.0,99.2,99.7,-0.5,105.9,99.9,6.0,66.6,-0.21774499434718564,131.19495364831107,63.94736842105263,0.16276889963342,134.365962815735,-5.638996628700754,134.365962815735,0.16276889963342,134.365962815735,-5.638996628700754,142.58248177414916,100.2,100.3,-0.08,67.5,105.5,100.5,5.0,99.2,99.7,-0.5,-4.672236072667515,134.7012718382141,0,100.8707277,94.43971501,6.431012690000003,4.367282441,98.5361563,95.65638323,2.879773069999999,-0.594262999,2021-02-19,1.230102942715945,124.3403899869601,-1.3484729731008258,124.3403899869601,-21.0,-8.06999999999999,3.5211678624720397,12.93000000000001,-11.59116786247203,1,0,1,0,1,0,1,0,0,1,1,0,1,0,1,0,0,1,0,1,1,0,1,0,1,0,1,0,-3.5063480863037135,-5.699999999999998,5.24047787054443,-0.5764285714285711,0.9946153846153853,-1,1.0,-1,-1,1,-3,3.0,3.0
