ATS,EMRating,EMRating3GameEMA,EMRating5GameExpMA,EMRating10GameExpMA,AdjO,AdjO3GameEMA,AdjD,AdjD3GameEMA,Date,HomeAway,Op Rank,Opponent,Result,Pace,PPP,EFG%,TO%,OR%,FTR%,PPP1,EFG%1,TO%1,OR%1,FTR%1,OverUnder,ATSVegas,OverUnderVegas,AdjO3ExpMA,AdjO3ExpMAS,AdjO5ExpMA,AdjO10ExpMA,AdjD3ExpMA,AdjD3ExpMAS,AdjD5ExpMA,AdjD10ExpMA,DateNew,AdjOECurrent,AdjDECurrent,AdjEMCurrent,AdjOECurrentOpp,AdjDECurrentOpp,AdjEMCurrentOpp,PomAdjOECurrent,PomAdjDECurrent,PomAdjEMCurrent,PomAdjTCurrent,PomSpread,PomTotal,PomTempo,TRankSpread,TRankTotal,B3GSpread,B3GTotal,TRankLast10Spread,TRankLast10Total,MC5Spread,MC5Total,PomAdjOECurrentOpp,PomAdjDECurrentOpp,PomAdjEMCurrentOpp,PomAdjTCurrentOpp,AdjOELast10,AdjDELast10,AdjEMLast10,AdjOEOppLast10,AdjDEOppLast10,AdjEMOppLast10,MC10Spread,MC10Total,MC10Edge,AdjOE_MG,AdjDE_MG,AdjEM_MG,Adj_Margin_EM_MG,AdjOE_MG_Opp,AdjDE_MG_Opp,AdjEM_MG_Opp,Adj_Margin_EM_MG_Opp,Dates,MG_Spread,MG_Total,MG_Rank_Score_Dif,MG_Rank_Total,GameDifRating,DifCumSum,DifCumSumEMA,DifCumSumShifted,DifOverplayingandEMA,PomSpreadWinATS,PomSpreadLossATS,PomTotalWinTotal,PomTotalLossTotal,TRankSpreadWinATS,TRankSpreadLossATS,TRankTotalWinTotal,TRankTotalLossTotal,B3GSpreadWinATS,B3GSpreadLossATS,B3GTotalWinTotal,B3GTotalLossTotal,TRankLast10SpreadWinATS,TRankLast10SpreadLossATS,TRankLast10TotalWinTotal,TRankLast10TotalLossTotal,MC5SpreadWinATS,MC5SpreadLossATS,MC5TotalWinTotal,MC5TotalLossTotal,MG_SpreadWinATS,MG_SpreadLossATS,MG_TotalWinTotal,MG_TotalLossTotal,MG_Rank_Score_DifWinATS,MG_Rank_Score_DifLossATS,MG_Rank_TotalWinTotal,MG_Rank_TotalLossTotal,MG_SpreadWinATSResult,VegasImpliedWinPercent,MGImpliedWinPercent,PlayingOverRating,PlayingOverRating3,PlayingOverRatingShift,RollingMeanDiffEM,RollingMeanDiffEMShift,PlayingOverPomeroyTrue,PlayingOverPomeroyShiftTrue,PlayingOverDailyTrue,RollingMeanDiffEMTrue,RollingMeanDiffEMShiftTrue,SignalSum,SignalSumShift,SignalSumShiftAfterGame
17.0,18,,18.5,18.5,135.4,0.0,116.9,0.0,Fri 11-12 11-12,A,32 (I-A),North Carolina,"L, 94-87",71,122.9,55.5,7.1,27.8,12.3,132.8,58.9,9.9,39.4,45.2,34.0,24.0,147.0,135.4,0.0,135.4,135.4,116.9,0.0,116.9,116.9,20211112,88.2,99.0,-10.799999999999995,107.6,91.6,16.0,92.3,98.9,-6.62,72.7,20.24785573761511,145.81522808502132,75.28534850640115,23.82593421896876,144.62928821309418,3.787479842649176,144.62928821309418,23.82593421896876,144.62928821309418,3.787479842649176,194.3002183118468,109.0,93.4,15.64,72.8,88.2,99.0,-10.799999999999995,107.6,91.6,16.0,3.787479842649176,194.3002183118468,0,113.68496310917556,109.36306441183308,4.321898697342476,-0.4275121504141773,100.93374078417112,95.84413722375578,5.089603560415341,9.334946592029128,2021-11-12,5.818154764415581,168.7415721106114,9.551574748094183,168.7415721106114,24.62,24.62,0.0,0.0,24.62,1,0,0,1,1,0,0,1,1,0,0,1,1,0,0,1,1,0,1,0,1,0,1,0,1,0,1,0,3,0.0111354894796164,0.28975179106958626,25.12,,0.0,24.62,0.0,1,0.0,1,1,1,3,0.0,0.0
3.5,-11,,8.533333333333337,13.063636363636364,96.2,0.0,107.6,0.0,Sun 11-14 11-14,H,355 (Ⅳ),Central Connecticut,"W, 75-57",66,113.8,59.4,19.7,24.1,32.1,86.5,50.9,24.3,28.6,18.5,-13.0,-14.5,145.0,115.8,135.4,122.33333333333334,128.27272727272728,112.25,116.9,113.8,115.2090909090909,20211114,91.8,100.5,-8.700000000000003,92.2,108.8,-16.599999999999994,95.3,100.8,-5.54,71.6,-15.343983553705343,143.16077721473204,73.22958748221906,-9.439193184687355,144.30548821944353,-55.391754771530806,144.30548821944353,-9.439193184687355,144.30548821944353,-55.391754771530806,182.58969617274622,89.5,111.0,-21.47,71.9,91.8,100.5,-8.700000000000003,92.2,108.8,-16.599999999999994,-55.391754771530806,182.58969617274622,0,105.65335965009884,107.48839913817706,-1.8350394880782233,-6.893061264206672,92.7027509848428,100.29938323208069,-7.596632247237892,0.8653983604604817,2021-11-14,-9.045072019625707,154.076011812945,3.6928559861253945,154.076011812945,-5.46,19.16,24.62,24.62,-5.460000000000001,1,0,1,0,0,1,1,0,1,0,1,0,0,1,1,0,1,0,0,1,0,1,0,1,0,1,0,1,-3,0.9163531986724158,0.8055008653376151,14.073333333333338,,25.12,9.58,24.62,1,1.0,-1,1,1,1,3.0,0.0
-10.5,-19,-4.13333333333333,-0.8111111111111082,7.142975206611569,86.5,106.03333333333336,106.0,110.16666666666669,Fri 11-19 11-19,N,60 (Ⅱ),Creighton,"L, 78-57",73,78.1,40.0,23.3,26.2,23.3,106.9,60.2,23.3,26.7,18.6,-5.0,10.5,140.0,101.15,115.8,110.3888888888889,120.67768595041323,109.125,112.25,111.20000000000002,113.53471074380164,20211119,91.9,100.4,-8.5,101.4,93.6,7.800000000000011,95.1,100.3,-5.22,70.3,12.161846268656717,135.3120880597015,70.5,11.388776119402998,135.49492537313435,-0.1474684626865714,135.49492537313435,11.388776119402998,135.49492537313435,-0.1474684626865714,145.32797305731341,104.8,92.3,12.54,70.5,91.9,100.4,-8.5,101.4,93.6,7.800000000000011,-0.4307116197014968,145.57019843044776,0,101.69174981851994,108.84978909653034,-7.158039278010406,-5.912497691217475,91.53774123604796,91.2524390618237,0.2853021742242703,-2.84212013577434,2021-11-19,4.936085848468778,138.82115345978053,2.1646161765874155,138.82115345978053,-13.780000000000001,5.379999999999999,22.800000000000004,19.16,-17.420000000000005,1,0,1,0,1,0,1,0,0,1,1,0,1,0,1,0,0,1,0,1,0,1,1,0,0,1,1,0,-3,0.15865525393145707,0.31914056753063424,4.4088888888888915,1.0866666666666696,14.073333333333338,1.793333333333333,9.58,1,1.0,-1,1,1,1,1.0,3.0
6.0,13,-5.799999999999997,3.959259259259261,8.298797896318556,110.4,97.7,96.9,103.5,Sat 11-20 11-20,N,96 (Ⅱ),Bradley,"W, 65-62",63,103.0,40.5,9.5,29.3,41.4,98.3,50.0,17.4,29.4,13.8,-4.5,3.0,131.5,105.775,101.15,110.3925925925926,118.80901577761082,103.0125,109.125,106.43333333333337,110.51021788129223,20211120,92.0,100.4,-8.400000000000006,96.4,100.3,-3.899999999999992,94.6,100.4,-5.78,70.5,2.0343533046007423,132.1764897603024,69.898293029872,3.2261944502239857,135.255784253696,-6.750113517389447,135.255784253696,3.2261944502239857,135.255784253696,-6.750113517389447,138.60171737487957,96.1,98.9,-2.81,69.7,92.0,100.4,-8.400000000000006,96.4,100.3,-3.899999999999992,-6.897467771183632,138.79199986355707,0,102.97597641394206,107.53205613240569,-4.5560797184636215,-1.3330709312510682,87.59128146499867,96.42955060459214,-8.838269139593464,-11.93204746201029,2021-11-20,-3.6561285967837023,138.42244064939905,-7.408503673637448,138.42244064939905,18.78,24.16,16.99333333333334,5.379999999999999,7.166666666666661,1,0,0,1,0,1,0,1,1,0,0,1,0,1,0,1,1,0,0,1,1,0,0,1,1,0,0,1,3,0.38754848109799234,0.6361560287203014,9.739259259259262,-0.01999999999999691,4.4088888888888915,6.04,1.793333333333333,1,1.0,1,1,1,3,1.0,1.0
9.5,8,0.7333333333333295,5.372839506172837,8.280834642442452,85.6,94.16666666666669,77.4,93.43333333333334,Mon 11-22 11-22,N,79 (Ⅱ),Colorado,"L, 54-52",66,78.3,34.0,13.5,15.0,43.4,81.3,41.1,24.1,15.6,46.7,-29.5,11.5,135.5,95.6875,105.775,102.1283950617284,112.7710129089543,90.20625,103.0125,96.75555555555556,104.49017826651183,20211122,92.6,101.1,-8.5,104.5,97.1,7.400000000000006,95.6,101.0,-5.42,69.1,12.6993702622025,134.5965200161355,67.23243243243243,10.83945672717492,134.72018248218365,2.6869705199515965,134.72018248218365,10.83945672717492,134.72018248218365,2.6869705199515965,153.58672741658407,109.0,95.3,13.72,68.4,92.6,101.1,-8.5,104.5,97.1,7.400000000000006,2.4044198539701527,153.77982291619847,0,97.08935008231742,100.51292398621126,-3.423573903893839,-1.8682065904812168,100.71595585416732,99.26068906888624,1.4552667852810828,-2.0585247077778352,2021-11-22,3.348641349793084,136.12550445450103,-0.12795549961811048,136.12550445450103,13.42,37.58,19.382222222222225,24.16,18.197777777777773,0,1,1,0,1,0,1,0,1,0,1,0,1,0,1,0,1,0,0,1,1,0,0,1,1,0,0,1,3,0.13670617005697383,0.37489426238005774,10.792839506172836,6.15333333333333,9.739259259259262,7.515999999999999,6.04,1,1.0,1,1,1,3,3.0,1.0
-8.0,-5,5.533333333333327,1.8818930041152224,5.847955616543822,84.6,93.53333333333336,89.7,88.0,Fri 11-26 11-26,H,171 (Ⅳ),Bryant,"L, 65-59",70,83.9,36.6,22.8,44.9,25.4,92.4,51.0,22.8,15.2,34.6,-25.0,-2.0,149.0,90.14375,95.6875,96.28559670781894,107.64901056187168,89.953125,90.20625,94.40370370370373,101.80105494532786,20211126,92.5,99.9,-7.400000000000006,102.7,105.3,-2.5999999999999943,95.4,99.8,-4.41,68.4,-4.630854895379116,141.08760464365827,71.02702702702703,-0.2936894296835817,145.25006322583883,-12.443607667665875,145.25006322583883,-0.2936894296835817,145.25006322583883,-12.443607667665875,153.4355003589797,99.5,105.1,-5.69,73.0,92.5,99.9,-7.400000000000006,102.7,105.3,-2.5999999999999943,-12.111605556489145,153.4123897667563,0,93.81287345372942,100.91668748031036,-7.103814026580935,-6.333912908061509,96.31655670005384,102.31400762078904,-5.997450920735204,-9.970487978623632,2021-11-26,-3.046878658392586,140.3768468024964,-4.409580477841722,140.3768468024964,-0.5899999999999999,36.989999999999995,25.44814814814815,37.58,11.541851851851845,0,1,1,0,1,0,1,0,0,1,1,0,1,0,1,0,0,1,0,1,0,1,1,0,0,1,1,0,-3,0.5755320005597261,0.6141603188714174,6.291893004115223,9.943333333333328,10.792839506172836,6.165000000000001,7.515999999999999,1,1.0,1,1,1,3,3.0,3.0
8.5,8,3.86666666666666,4.087928669410148,6.330145504444944,90.5,86.89999999999999,82.0,83.03333333333335,Sun 11-28 11-28,A,249 (Ⅲ),Quinnipiac,"W, 72-61",75,95.9,53.4,30.6,41.4,25.4,81.2,44.2,26.6,22.6,32.7,-1.5,-2.5,134.5,90.321875,90.14375,94.35706447187933,104.53100864153136,85.9765625,89.953125,90.26913580246917,98.20086313708644,20211128,91.9,99.0,-7.099999999999994,96.2,102.3,-6.099999999999994,94.4,99.7,-5.25,67.6,2.647853663123044,132.4524907327962,68.27311522048365,4.561520601508079,132.38131516765458,-5.233828296325154,132.38131516765458,4.561520601508079,132.38131516765458,-5.233828296325154,132.2859730732067,97.0,104.1,-7.08,71.0,91.9,99.0,-7.099999999999994,96.2,102.3,-6.099999999999994,-8.156334061534924,140.0940903571074,0,94.07291032801258,98.65095337150063,-4.5780430434880515,-4.937730196600913,94.28780473648348,109.74410069284724,-15.45629595636376,-17.124086719312867,2021-11-28,-3.307735905142138,137.0552938906015,-6.619230059314795,137.0552938906015,13.25,50.239999999999995,29.295432098765435,36.989999999999995,20.94456790123456,0,1,1,0,0,1,1,0,1,0,1,0,0,1,1,0,1,0,1,0,1,0,0,1,1,0,0,1,3,0.5940963859982835,0.6236277023048489,9.337928669410148,9.11666666666666,6.291893004115223,7.177142857142858,6.165000000000001,1,1.0,1,1,1,3,3.0,3.0
8.0,6,3.433333333333332,5.025285779606767,6.433755412727683,99.5,91.53333333333336,92.6,88.10000000000001,Wed 12-01 12-01,A,278 (Ⅳ),UMass Lowell,"W, 73-63",73,100.1,46.2,23.3,33.3,52.8,86.4,44.6,34.3,44.1,28.6,4.5,-2.0,131.5,94.9109375,90.321875,96.07137631458622,103.61627979761656,89.28828125,85.9765625,91.04609053497944,97.1825243848889,20211201,93.2,98.8,-5.599999999999994,98.5,103.8,-5.299999999999997,95.1,99.2,-4.09,68.5,3.1984754731631284,131.7857611794036,67.72048364153628,4.169480398852869,134.66374394258156,3.5697667391240255,134.66374394258156,4.169480398852869,134.66374394258156,3.5697667391240255,119.8094562391017,98.2,103.2,-4.91,69.5,93.2,98.8,-5.599999999999994,98.5,103.8,-5.299999999999997,3.4905623526249534,128.52922605905704,0,96.73168176042878,96.94847194383698,-0.21679018340819312,-2.095752029295572,96.98589320559084,97.24635545647584,-0.2604622508849985,-3.161732521781994,2021-12-01,3.6247303103872,130.51263542321007,1.1244408814116156,130.51263542321007,10.09,60.33,36.27695473251029,50.239999999999995,24.053045267489708,0,1,1,0,0,1,1,0,0,1,1,0,0,1,1,0,0,1,0,1,0,1,0,1,0,1,0,1,-3,0.5755320005597261,0.36496734468944436,9.115285779606767,7.523333333333332,9.337928669410148,7.54125,7.177142857142858,1,1.0,1,1,1,3,3.0,3.0
4.0,0,5.133333333333336,3.350190519737845,5.263981701322649,101.5,97.16666666666669,101.5,92.03333333333336,Sun 12-05 12-05,H,328 (Ⅳ),Sacred Heart,"W, 79-66",67,117.1,69.2,20.7,21.7,19.2,97.8,48.3,22.2,28.6,18.6,8.0,-9.0,137.0,98.20546875,94.9109375,97.88091754305748,103.23150165259536,95.394140625,89.28828125,94.53072702331964,97.96751995127272,20211205,93.8,97.7,-3.9000000000000057,100.1,108.9,-8.800000000000011,95.5,98.4,-2.92,68.5,-7.677712727703629,133.06208377842236,66.25889046941678,-6.757859654408321,135.91119603093566,-18.553996581810964,135.91119603093566,-6.757859654408321,135.91119603093566,-18.553996581810964,126.02038355236762,99.4,108.7,-9.31,68.0,93.8,97.7,-3.9000000000000057,100.1,108.9,-8.800000000000011,-14.543002397469746,135.21557731795093,0,97.94048780022506,97.13620178982625,0.8042860103988119,-0.1889952302806536,100.16206581707588,105.04654932887252,-4.884483511796631,-6.432063050483847,2021-12-05,-7.603918426125048,136.0915664354241,-5.930417845505168,136.0915664354241,2.92,63.25,44.294636488340196,60.33,18.955363511659804,0,1,0,1,0,1,0,1,1,0,0,1,0,1,0,1,1,0,0,1,0,1,0,1,0,1,0,1,-3,0.804317030846224,0.7655232132054108,6.270190519737845,8.053333333333336,9.115285779606767,7.027777777777778,7.54125,1,1.0,1,1,1,3,3.0,3.0
18.0,28,11.73333333333334,11.666793679825236,9.452348664718532,117.9,106.3,89.6,94.56666666666666,Tue 12-07 12-07,A,300 (Ⅳ),Merrimack,"W, 76-56",65,116.3,58.2,27.5,51.7,27.3,85.7,39.0,21.4,21.2,36.0,12.0,-2.0,120.0,108.052734375,98.20546875,104.553945028705,105.89850135212347,92.4970703125,95.394140625,92.88715134887975,96.44615268740496,20211207,95.3,97.8,-2.5,92.1,95.4,-3.300000000000012,96.2,98.4,-2.15,68.5,1.328946019792241,114.04704924803626,61.48435277382645,2.668967398362419,114.3361953918286,-1.5996556694224393,114.3361953918286,2.668967398362419,114.3361953918286,-1.5996556694224393,104.82426148967993,93.2,98.5,-5.36,63.1,95.3,97.8,-2.5,92.1,95.4,-3.300000000000012,-2.4556994405266,107.87797889979046,0,100.18422274384017,96.32893329975992,3.855289444080242,0.77625097883869,90.1644219662314,101.01802925523084,-10.853607288999441,-7.231370342546624,2021-12-07,-5.740043305960924,118.56326427594314,-3.2574367014273022,118.56326427594314,30.15,93.4,50.6130909922268,63.25,42.786909007773204,0,1,0,1,0,1,0,1,0,1,0,1,0,1,0,1,0,1,0,1,1,0,0,1,1,0,0,1,3,0.5755320005597261,0.7076975376392909,13.816793679825237,13.88333333333334,6.270190519737845,9.34,7.027777777777778,1,1.0,1,1,1,3,3.0,3.0
-2.0,0,9.566666666666672,7.911195786550159,7.806467089315163,97.4,105.6,97.0,96.03333333333332,Fri 12-10 12-10,H,65 (Ⅱ),Vermont,"L, 70-65",69,94.8,55.9,20.4,10.3,25.5,102.1,54.0,16.0,7.1,42.0,5.5,3.0,129.5,102.7263671875,108.052734375,102.16929668580332,104.35331928810103,94.74853515625,92.4970703125,94.25810089925318,96.54685219878586,20211210,98.5,97.2,1.2999999999999972,101.7,96.7,5.0,98.3,98.3,0.01,68.9,0.9711317742130632,124.22282639504135,64.09758179231865,-1.204388064210157,127.61704300998571,-7.012206601700437,127.61704300998571,-1.204388064210157,127.61704300998571,-7.012206601700437,121.52584075719216,102.7,95.6,7.1,65.4,98.5,97.2,1.2999999999999972,101.7,96.7,5.0,-3.4924130544316547,120.42807222037308,0,100.13572486509725,96.7893089175384,3.346415947558839,0.1728212546759284,98.1639092571521,98.1379388328955,0.02597042425659879,2.7029122489048523,2021-12-10,-5.703161354262811,127.20492138268003,-0.1988110046231668,127.20492138268003,-0.01,93.39,64.87539399481787,93.4,28.51460600518213,0,1,0,1,0,1,0,1,0,1,0,1,0,1,0,1,0,1,0,1,0,1,0,1,0,1,0,1,-3,0.38754848109799234,0.7064895664426369,7.90119578655016,9.556666666666672,13.816793679825237,8.49,9.34,1,1.0,1,1,1,3,3.0,3.0
-21.5,-17,3.8000000000000074,-0.4925361422998922,3.2416548912578604,91.7,102.33333333333331,109.0,98.53333333333332,Mon 12-27 12-27,A,57 (Ⅱ),Syracuse,"L, 93-62",72,86.0,41.0,19.4,30.4,14.9,128.9,68.0,16.6,32.3,32.8,11.5,9.5,143.5,97.21318359375,102.7263671875,98.6795311238689,102.05271578117356,101.874267578125,94.74853515625,99.1720672661688,98.8110608899157,20211227,98.3,96.7,1.5999999999999943,112.1,102.2,9.899999999999991,97.9,97.7,0.17,68.8,10.850190168269847,140.59445728650132,67.82133712660028,9.578951300654424,145.2884789887175,3.4465295400674187,145.2884789887175,9.578951300654424,145.2884789887175,3.4465295400674187,137.3555829746549,111.7,101.0,10.68,69.3,98.3,96.7,1.5999999999999943,112.1,102.2,9.899999999999991,9.04357568751304,140.06940807160797,0,98.99792504072578,98.05420331341809,0.9437217273076897,-0.5073769134135028,107.48384146762888,101.00393608754229,6.479905380086592,6.202713419668047,2021-12-27,7.748042752753818,142.82159328519782,6.503947573057104,142.82159328519782,-17.17,76.22,74.38026266321192,93.39,1.839737336788076,1,0,0,1,1,0,1,0,0,1,1,0,1,0,1,0,0,1,0,1,0,1,0,1,0,1,0,1,-3,0.182795768782416,0.23028492531711464,-0.6625361422998922,3.6300000000000074,7.90119578655016,6.351666666666667,8.49,-1,1.0,1,1,1,1,3.0,3.0
-2.5,0,-5.333333333333333,-0.0283574281999309,2.8158994564837023,101.3,96.8,100.4,102.13333333333334,Thu 12-30 12-30,A,83 (Ⅱ),Maryland,"L, 81-67",72,92.9,43.3,13.9,22.0,36.7,112.3,51.8,15.2,25.0,47.4,15.5,11.5,132.5,99.256591796875,97.21318359375,99.55302074924596,101.91585836641472,101.1371337890625,101.874267578125,99.58137817744588,99.09995890993102,20211230,98.1,97.2,0.8999999999999915,102.9,93.5,9.400000000000006,97.7,98.4,-0.71,69.0,12.502193888872483,131.2095083631252,67.52773826458038,9.454188332975058,132.83751742514346,5.718084518666389,132.83751742514346,9.454188332975058,132.83751742514346,5.718084518666389,124.27470133688294,105.7,93.0,12.7,68.8,98.1,97.2,0.8999999999999915,102.9,93.5,9.400000000000006,5.695752848599784,122.95226734213335,0,99.41939893908511,99.0936400289958,0.3257589100893199,-0.5814158801175895,101.3959210999206,94.75714952205531,6.638771577865285,2.106065884080748,2021-12-30,8.109700578288361,134.83373384889612,3.7199861863422115,134.83373384889612,0.71,76.92999999999999,74.99350844214129,76.22,1.9364915578587016,1,0,0,1,0,1,1,0,0,1,1,0,0,1,1,0,0,1,0,1,0,1,1,0,0,1,1,0,-3,0.13670617005697383,0.21995285833343403,0.681642571800069,-4.623333333333333,-0.6625361422998922,5.917692307692308,6.351666666666667,1,-1.0,1,1,1,3,1.0,3.0
-5.0,-12,-9.666666666666666,-4.218904952133284,0.0130086462139389,93.5,95.5,106.1,105.16666666666669,Sun 1-02 1-02,A,216 (Ⅲ),Penn,"L, 77-73",72,101.4,49.1,13.9,15.2,38.6,107.0,50.8,13.9,21.6,33.3,11.5,-1.0,138.5,96.3782958984375,99.256591796875,97.53534716616396,100.38570229979386,103.61856689453126,101.1371337890625,101.75425211829725,100.37269365357992,20220102,99.4,97.6,1.8000000000000114,102.3,107.7,-5.400000000000006,98.0,98.5,-0.49,69.5,1.9209151108714622,137.40636714092642,66.53413940256046,-0.9664692276234348,140.98072583598855,-2.418838806561423,140.98072583598855,-0.9664692276234348,140.98072583598855,-2.418838806561423,146.18632441823465,103.9,107.4,-3.54,67.3,99.4,97.6,1.8000000000000114,102.3,107.7,-5.400000000000006,-0.2099242836803371,134.9431341447411,0,99.61950891899144,99.13896881044406,0.4805401085473875,-0.2622324900321654,99.79091835472772,101.71674082844667,-1.9258224737189522,2.391136224898766,2022-01-02,2.1881955440150165,136.54558598082536,3.6481822118296066,136.54558598082536,-11.51,65.41999999999999,75.6390056280942,76.92999999999999,-10.219005628094209,1,0,0,1,1,0,1,0,0,1,1,0,1,0,1,0,0,1,1,0,1,0,0,1,1,0,0,1,3,0.5379371440662541,0.41745849383007516,-3.728904952133284,-9.176666666666666,0.681642571800069,4.672857142857143,5.917692307692308,-1,1.0,-1,1,1,-1,3.0,1.0
14.5,10,-0.2999999999999971,0.7873966985778136,1.9742798014477705,126.4,107.06666666666666,115.6,107.36666666666667,Fri 1-07 1-07,A,214 (Ⅲ),Harvard,"W, 84-73",67,125.4,64.5,13.4,25.0,40.0,109.0,42.9,10.4,39.1,25.7,17.5,3.5,139.5,111.38914794921877,96.3782958984375,107.15689811077598,105.11557460892224,109.60928344726562,103.61856689453126,106.36950141219818,103.14129480747448,20220107,99.6,98.9,0.6999999999999886,98.0,99.6,-1.5999999999999943,99.0,99.6,-0.6,69.6,3.548935858471495,138.73933300547537,69.40199146514935,2.2816055214409943,139.32142108001733,1.4585649955855389,139.32142108001733,2.2816055214409943,139.32142108001733,1.4585649955855389,136.65625816488594,100.6,101.7,-1.09,70.1,99.6,98.9,0.6999999999999886,98.0,99.6,-1.5999999999999943,1.7737657281662542,130.39592763454496,0,101.12226332899412,99.61194592241516,1.510317406578963,-0.3273313031117086,96.61495033492436,97.35088765745245,-0.7359373225280876,-0.1022827320516562,2022-01-07,2.307112680999154,138.29955889855378,2.095269701359456,138.29955889855378,10.6,76.01999999999998,72.23267041872947,65.41999999999999,3.7873295812705123,0,1,0,1,1,0,0,1,1,0,0,1,1,0,0,1,1,0,0,1,1,0,0,1,1,0,0,1,3,0.36944134018176367,0.4130426599105792,1.3873966985778137,0.3000000000000029,-3.728904952133284,5.0680000000000005,4.672857142857143,1,-1.0,1,1,1,3,-1.0,3.0
-15.0,-10,-3.999999999999995,-2.875068867614792,-0.2392256169972795,81.7,100.53333333333336,91.9,104.53333333333332,Sat 1-08 1-08,A,226 (Ⅲ),Dartmouth,"L, 58-46",62,74.0,33.9,22.5,31.0,19.6,93.3,40.2,19.3,35.9,30.4,-27.5,-3.0,131.5,96.54457397460938,111.38914794921877,98.671265407184,100.8581974073,100.75464172363282,109.60928344726562,101.5463342747988,101.09742302429729,20220108,99.9,99.2,0.7000000000000028,97.2,104.9,-7.700000000000003,101.2,100.4,0.83,69.6,-1.4474721002354727,130.67596441991094,64.45177809388335,-1.8118861158504558,132.9184354549906,2.226882756474059,132.9184354549906,-1.8118861158504558,132.9184354549906,2.226882756474059,135.12056704920036,97.6,104.7,-7.07,65.1,99.9,99.2,0.7000000000000028,97.2,104.9,-7.700000000000003,-0.5921769987124089,126.66958868286076,0,99.50468660782693,99.11476434640652,0.3899222614204092,-0.1584979288863492,98.58421101740215,98.81150917065352,-0.22729815325136826,-2.031183887686333,2022-01-08,3.225553951668857,129.633809653973,0.5779123439523559,129.633809653973,-10.83,65.18999999999998,73.4951136124863,76.01999999999998,-8.305113612486323,1,0,1,0,1,0,0,1,1,0,0,1,1,0,0,1,1,0,0,1,1,0,1,0,1,0,1,0,3,0.6124515189020077,0.3793472417103674,-3.7050688676147923,-4.829999999999995,1.3873966985778137,4.074375,5.0680000000000005,-1,1.0,-1,1,1,-1,3.0,-1.0
1.0,5,2.100000000000004,-0.0167125784098605,0.8406335860931354,110.0,106.03333333333336,104.3,103.93333333333334,Sat 1-15 1-15,A,109 (Ⅱ),Princeton,"L, 76-74",66,111.5,64.7,21.1,12.5,19.6,114.5,65.6,19.6,19.2,43.8,9.0,3.0,141.0,103.27228698730468,96.54457397460938,102.447510271456,102.52034333324546,102.5273208618164,100.75464172363282,102.46422284986588,101.67970974715232,20220115,101.5,100.7,0.7999999999999972,110.1,108.2,1.8999999999999917,101.0,101.0,-0.04,69.2,5.3592349359232685,145.94403310253966,66.73911806543386,4.943285750614791,150.99781274396295,7.25550215493335,150.99781274396295,4.943285750614791,150.99781274396295,7.25550215493335,144.5131563251324,109.7,107.8,1.85,67.8,101.5,100.7,0.7999999999999972,110.1,108.2,1.8999999999999917,1.0371974091080316,142.87127044387128,0,99.9140249706424,99.27399477271334,0.6400301979290646,-0.0516559209166113,103.71539363855544,104.56064121116428,-0.8452475726088409,-1.435024582226422,2022-01-15,2.9407361623748614,141.87725465420394,0.9315564972929167,141.87725465420394,5.04,70.22999999999999,70.7267424083242,65.18999999999998,-0.49674240832420935,0,1,1,0,0,1,1,0,0,1,1,0,0,1,1,0,0,1,1,0,1,0,1,0,1,0,1,0,3,0.38754848109799234,0.3897118578016344,0.023287421590139502,2.140000000000004,-3.7050688676147923,4.131176470588235,4.074375,1,-1.0,-1,1,1,1,-1.0,3.0
-4.0,-10,-4.8666666666666645,-3.3778083856065715,-1.1485725204692518,92.4,94.7,102.5,99.56666666666666,Mon 1-17 1-17,H,152 (Ⅲ),Yale,"L, 66-63",68,92.5,40.0,16.2,24.3,43.6,96.9,47.1,16.2,23.7,55.8,-14.0,-1.0,143.0,97.83614349365234,103.27228698730468,99.09834018097068,100.680280909019,102.5136604309082,102.5273208618164,102.47614856657724,101.82885342948826,20220117,102.0,101.0,1.0,101.9,103.3,-1.3999999999999917,101.3,101.2,0.19,68.9,-3.030825715648561,145.35214399565655,68.9,-5.840932203888556,147.01650443854726,-4.565632318796556,147.01650443854726,-5.840932203888556,147.01650443854726,-4.565632318796556,142.11333834006936,105.5,103.9,1.63,70.3,102.0,101.0,1.0,101.9,103.3,-1.3999999999999917,-8.529373407962767,143.17594724217102,0,99.28330456573454,99.09956170785124,0.1837428578833027,-0.8748947765793663,96.89724443490448,97.87333155339309,-0.9760871184886071,0.6216809960540467,2022-01-17,-4.625687837648826,136.34430402513928,-0.895616792528628,136.34430402513928,-10.19,60.03999999999999,70.56116160554947,70.22999999999999,-10.52116160554948,0,1,0,1,0,1,0,1,0,1,0,1,0,1,0,1,0,1,1,0,0,1,1,0,1,0,1,0,-3,0.5379371440662541,0.6702275909934152,-3.5678083856065714,-5.056666666666665,0.023287421590139502,3.335555555555555,4.131176470588235,-1,1.0,-1,1,1,-1,1.0,-1.0
9.0,3,-0.1999999999999981,-0.9852055904043824,-0.2488320622021156,110.2,104.2,106.4,104.40000000000002,Sat 1-22 1-22,A,354 (Ⅳ),Columbia,"W, 93-74",77,121.6,57.7,15.7,37.1,21.1,96.7,60.8,28.8,28.1,49.0,23.5,-10.0,143.5,104.01807174682617,97.83614349365234,102.79889345398044,102.411138925561,104.4568302154541,102.5136604309082,103.78409904438485,102.65997098776312,20220122,100.5,100.5,0.0,94.1,114.4,-20.30000000000001,100.5,100.5,-0.01,68.1,-8.739824019864571,140.31475309636642,67.42190611664296,-10.042558221389498,144.3784500949872,-2.3180317315583503,144.3784500949872,-10.042558221389498,144.3784500949872,-2.3180317315583503,138.8370142012338,94.9,113.7,-18.77,69.6,100.5,100.5,0.0,94.1,114.4,-20.30000000000001,-10.32709763092746,137.2097968810209,0,99.8595828663027,99.08735170189468,0.7722311644080264,-1.1483273758185664,94.94193545182932,107.91607352595538,-12.97413807412606,-14.34827136406716,2022-01-22,-5.553928431887357,139.18660893110385,-7.158113903491916,139.18660893110385,3.01,63.04999999999999,67.05410773703298,60.03999999999999,-4.004107737032989,0,1,0,1,1,0,1,0,0,1,1,0,1,0,1,0,0,1,0,1,0,1,0,1,0,1,0,1,-3,0.8295480920359348,0.7015783939141556,-0.9752055904043824,-0.1899999999999981,-3.5678083856065714,3.318421052631579,3.335555555555555,-1,-1.0,-1,1,1,-1,-1.0,1.0
-7.0,-17,-7.866666666666664,-6.423470393602921,-3.3490444145290037,88.5,97.03333333333336,105.8,104.9,Sun 1-30 1-30,H,186 (Ⅳ),Cornell,"L, 74-72",74,96.7,46.6,20.2,29.3,42.4,99.4,45.8,25.5,37.1,35.6,-4.0,-5.0,150.0,96.25903587341308,104.01807174682617,98.03259563598698,99.88184093909535,105.12841510772704,104.4568302154541,104.4560660295899,103.23088535362436,20220130,100.5,100.7,-0.2000000000000028,103.3,106.2,-2.9000000000000057,100.5,100.4,0.16,67.8,-6.678964216183175,146.166144648511,69.92176386913229,-6.1613303676872135,150.9077685491606,-5.833968932362802,150.9077685491606,-6.1613303676872135,150.9077685491606,-5.833968932362802,148.33673113929956,102.7,106.3,-3.62,72.5,100.5,100.7,-0.2000000000000028,103.3,106.2,-2.9000000000000057,-4.377651067315638,151.26041225313182,0,99.00904985717848,98.87994362696811,0.12910623021036827,-2.148797028591868,102.5582622074572,101.00744732353373,1.5508148839234792,4.385044516067351,2022-01-30,-3.0316897513277326,144.14141853914174,2.5888771364760856,144.14141853914174,-17.16,45.889999999999986,65.71940515802198,63.04999999999999,-19.829405158022,0,1,1,0,0,1,0,1,0,1,0,1,0,1,0,1,0,1,1,0,1,0,1,0,1,0,1,0,3,0.6830306580593271,0.6136069003758797,-6.583470393602921,-8.026666666666664,-0.9752055904043824,2.2944999999999998,3.318421052631579,-1,-1.0,-1,1,1,-1,-1.0,-1.0
-18.0,-35,-16.433333333333334,-16.215646929068612,-9.249218157341913,73.0,90.56666666666666,108.8,107.0,Fri 2-04 2-04,H,214 (Ⅳ),Harvard,"L, 65-50",66,76.1,41.7,22.8,15.8,16.7,98.9,55.9,18.3,16.7,25.5,-25.5,-3.0,140.5,84.62951793670655,96.25903587341308,89.68839709065799,94.99423349562348,106.96420755386352,105.12841510772704,105.9040440197266,104.24345165296538,20220204,99.4,100.9,-1.5,100.6,104.3,-3.700000000000003,100.1,100.6,-0.47,68.0,-6.099783759425577,135.9088011416579,65.96870554765292,-5.352453650998399,138.83236504260563,-5.339581794151236,138.83236504260563,-5.352453650998399,138.83236504260563,-5.339581794151236,139.82171022221948,101.1,105.1,-4.0,68.2,99.4,100.9,-1.5,100.6,104.3,-3.700000000000003,-4.577945130169575,136.95532735859226,0,97.80831726585296,99.02770386549778,-1.219386599644821,-4.278914271682106,97.77598092143324,97.489960438682,0.2860204827512405,0.4756753932215814,2022-02-04,-2.643470828692635,129.96904803170824,1.3245427651032458,129.96904803170824,-34.53,11.359999999999985,59.10960343868132,45.889999999999986,-47.74960343868133,0,1,1,0,0,1,1,0,0,1,1,0,0,1,1,0,0,1,1,0,1,0,1,0,1,0,1,0,3,0.6124515189020077,0.5993863739320944,-15.745646929068611,-15.963333333333333,-6.583470393602921,0.5409523809523811,2.2944999999999998,-1,-1.0,-1,1,1,-1,-1.0,-1.0
-3.5,1,-17.299999999999997,-10.410431286045744,-7.349360310552472,101.5,87.66666666666667,100.3,104.96666666666664,Sat 2-05 2-05,H,226 (Ⅳ),Dartmouth,"W, 62-60",63,99.0,52.1,22.4,28.6,38.3,95.8,42.7,19.2,35.6,19.4,-9.0,-5.5,131.0,93.06475896835327,84.62951793670655,93.62559806043866,96.17710013278284,103.63210377693176,106.96420755386352,104.0360293464844,103.5264604433353,20220205,99.5,101.0,-1.5,97.4,104.0,-6.599999999999994,98.8,100.6,-1.82,67.9,-5.658931916783331,123.80564819755696,61.81507823613087,-6.831650353593517,128.28832892364647,-1.023560086590144,128.28832892364647,-6.831650353593517,128.28832892364647,-1.023560086590144,130.61794249056047,98.2,103.6,-5.4,64.0,99.5,101.0,-1.5,97.4,104.0,-6.599999999999994,-1.6869404035038669,127.25369948902761,0,97.78627806328,98.87672566072332,-1.0904475974433296,-3.9853547447870823,99.28217676911868,99.4218461500209,-0.1396693809022196,-1.7786689616220208,2022-02-05,-2.873032817018185,124.07409795098788,-0.3168751466312756,124.07409795098788,2.8200000000000003,14.179999999999986,43.19306895912088,11.359999999999985,-29.013068959120893,0,1,1,0,0,1,1,0,1,0,1,0,0,1,1,0,1,0,1,0,1,0,1,0,1,0,1,0,3,0.6997944856925475,0.6078125037787829,-8.590431286045744,-15.479999999999997,-15.745646929068611,0.6445454545454543,0.5409523809523811,-1,-1.0,-1,1,1,-1,-1.0,-1.0
2.5,2,-10.833333333333334,-6.240287524030498,-5.631294799542932,110.3,94.93333333333334,108.2,105.76666666666664,Sat 2-12 2-12,A,186 (Ⅲ),Cornell,"W, 81-80",73,111.1,51.7,17.8,33.3,51.7,109.8,61.8,16.5,13.3,34.5,12.5,1.5,148.5,101.68237948417664,93.06475896835327,99.18373204029244,98.74490010864052,105.91605188846589,103.63210377693176,105.42401956432296,104.37619490818342,20220212,98.6,101.8,-3.200000000000003,103.9,104.9,-1.0,99.2,101.0,-1.85,67.8,3.8262792634462244,147.17722205030526,70.59687055476529,5.921089760286634,151.19514735843575,12.839020760573872,151.19514735843575,5.921089760286634,151.19514735843575,12.839020760573872,140.38985215222957,103.5,105.8,-2.27,73.2,98.6,101.8,-3.200000000000003,103.9,104.9,-1.0,7.158321009874262,143.81198884301605,0,98.0761470896272,99.03132806620452,-0.9551809765773243,-4.051328792201638,101.3843271142198,101.98836459358378,-0.6040374793639813,1.421023434079298,2022-02-12,4.325515808493677,144.81689883869257,5.8140250072576265,144.81689883869257,3.85,18.029999999999987,33.52204597274725,14.179999999999986,-15.492045972747263,0,1,0,1,0,1,1,0,0,1,1,0,0,1,1,0,0,1,0,1,0,1,0,1,0,1,0,1,-3,0.4432015031835318,0.3401866114559232,-4.390287524030498,-8.983333333333334,-8.590431286045744,0.7839130434782611,0.6445454545454543,-1,-1.0,-1,1,1,-1,-1.0,-1.0
-16.5,-25,-7.466666666666669,-12.726858349353666,-9.280150290535126,74.8,95.53333333333336,100.5,103.0,Fri 2-18 2-18,H,109 (Ⅲ),Princeton,"L, 69-50",64,77.8,36.1,14.0,22.2,16.4,107.4,56.0,17.1,28.6,17.2,-25.0,2.5,144.0,88.24118974208832,101.68237948417664,91.05582136019498,94.3912819070695,103.20802594423294,105.91605188846589,103.78267970954865,103.67143219760462,20220218,99.1,102.2,-3.1000000000000085,108.9,106.6,2.300000000000012,99.9,101.3,-1.43,67.8,-0.7696782506022117,142.46007803369503,65.48534850640114,-0.2806254197698621,145.59414920717313,7.562396335125806,145.59414920717313,-0.2806254197698621,145.59414920717313,7.562396335125806,143.48545294890815,110.4,107.0,3.44,67.9,99.1,102.2,-3.1000000000000085,108.9,106.6,2.300000000000012,1.7138875176436028,141.79953171939198,0,97.080938580375,99.32622891865316,-2.245290338278153,-5.904776785402525,103.47214443459802,100.73874885882076,2.7333955757772657,3.267782342624437,2022-02-18,-0.42855899008633,134.6168604593508,4.197268383778201,134.6168604593508,-23.57,-5.540000000000013,28.358030648498165,18.029999999999987,-33.89803064849818,0,1,1,0,0,1,0,1,1,0,0,1,0,1,0,1,1,0,1,0,0,1,1,0,1,0,1,0,-3,0.4059036140017165,0.5162783660415423,-11.296858349353666,-6.036666666666669,-4.390287524030498,-0.23083333333333345,0.7839130434782611,-1,-1.0,-1,-1,1,-3,-1.0,-1.0
-2.5,-8,-10.533333333333337,-11.151238899569112,-9.04739569225601,113.5,99.53333333333336,121.5,110.06666666666666,Sat 2-19 2-19,H,216 (Ⅳ),Penn,"L, 89-88",72,121.9,57.6,16.6,37.5,42.4,123.3,58.1,15.2,29.0,32.3,35.5,-1.5,141.5,100.87059487104416,88.24118974208832,98.53721424013,97.86559428760232,112.35401297211646,103.20802594423294,109.6884531396991,106.91298997985832,20220219,99.5,102.4,-2.9000000000000057,103.3,105.7,-2.4000000000000057,99.0,101.5,-2.49,67.5,-3.250855287964356,137.94690338247915,65.38762446657184,-3.552970921366324,141.4637427178297,8.619744181290939,141.4637427178297,-3.552970921366324,141.4637427178297,8.619744181290939,132.78950689038163,104.9,106.6,-1.61,68.1,99.5,102.4,-2.9000000000000057,103.3,105.7,-2.4000000000000057,1.091728884924374,135.39447056938744,0,97.44225499663094,99.98334896404376,-2.54109396741282,-6.25335009096237,99.5637924818768,100.73076527157204,-1.1669727896952367,1.3030841748689552,2022-02-19,-2.7776342542310033,132.56338725502363,3.1554354337634933,132.56338725502363,-5.51,-11.050000000000013,17.058687098998774,-5.540000000000013,-28.108687098998786,0,1,0,1,0,1,0,1,1,0,0,1,0,1,0,1,1,0,0,1,0,1,0,1,1,0,0,1,-3,0.5567984968164682,0.6043167652101545,-8.661238899569112,-8.043333333333337,-11.296858349353666,-0.44200000000000017,-0.23083333333333345,-1,-1.0,-1,-1,-1,-3,-3.0,-1.0
-9.0,-19,-17.666666666666668,-13.86749259971274,-10.91150556639128,97.4,95.23333333333332,116.7,112.9,Sat 2-26 2-26,H,354 (Ⅳ),Columbia,"W, 81-74",73,111.7,57.4,24.8,46.7,55.6,102.1,41.4,17.9,40.0,45.3,11.5,-16.0,143.5,99.13529743552208,100.87059487104416,98.15814282675336,97.78094078076552,114.52700648605824,112.35401297211646,112.02563542646608,108.6924463471568,20220226,100.1,104.2,-4.1000000000000085,93.8,116.1,-22.3,100.7,103.4,-2.72,67.8,-16.720013034374993,143.8067809562083,67.51066856330014,-16.925246748516344,148.36895015084315,-12.336504688099772,148.36895015084315,-16.925246748516344,148.36895015084315,-12.336504688099772,134.20534294998603,94.1,115.4,-21.36,70.0,100.1,104.2,-4.1000000000000085,93.8,116.1,-22.3,-14.497242466560303,140.43100954298706,0,98.21269258443742,100.49097062832604,-2.278278043888619,-6.738836881182281,93.34883314582882,106.25077649736448,-12.901943351535664,-14.187244375905095,2022-02-26,-11.132161823385289,137.28736405717376,-6.720985693728103,137.28736405717376,-16.28,-27.330000000000013,7.689124732665848,-11.050000000000013,-35.01912473266586,0,1,1,0,0,1,1,0,1,0,1,0,0,1,1,0,1,0,0,1,1,0,0,1,1,0,0,1,3,0.9362218501099964,0.8554745284800285,-11.14749259971274,-14.946666666666667,-8.661238899569112,-1.0511538461538459,-0.44200000000000017,-1,-1.0,-1,-1,-1,-3,-3.0,-3.0
-3.0,-14,-14.066666666666665,-14.211661733141824,-11.636686372501954,100.4,103.76666666666668,115.3,117.83333333333331,Sat 3-05 3-05,A,152 (Ⅲ),Yale,"L, 74-65",66,98.2,54.1,21.2,17.2,40.8,111.8,50.8,10.6,33.3,42.4,-2.5,6.0,141.5,99.76764871776103,99.13529743552208,98.90542855116892,98.25713336608086,114.91350324302913,114.52700648605824,113.1170902843107,109.89381973858283,20220305,99.6,104.4,-4.800000000000011,100.9,99.7,1.2000000000000028,100.6,103.9,-3.29,67.6,7.235825998304492,137.9024187426386,66.73456614509247,8.049485157059948,140.10223711280435,10.380447371122836,140.10223711280435,8.049485157059948,140.10223711280435,10.380447371122836,138.12217270304112,102.3,100.6,1.75,69.4,99.6,104.4,-4.800000000000011,100.9,99.7,1.2000000000000028,12.991353170473472,135.12195112280307,0,97.4085992470235,97.93040048748684,-0.5218012404633328,-4.261110898308348,95.62638339133964,98.42391903414897,-2.797535642809322,-2.389744810336518,2022-03-05,2.1065479670121263,129.60088982968708,3.0552780160275717,129.60088982968708,-10.71,-38.04000000000001,-3.9839168448894373,-27.330000000000013,-34.05608315511058,1,0,1,0,1,0,1,0,1,0,1,0,1,0,1,0,1,0,1,0,0,1,1,0,0,1,1,0,-3,0.2838545830986763,0.42049644533973884,-10.921661733141825,-10.776666666666664,-11.14749259971274,-1.4088888888888889,-1.0511538461538459,-1,-1.0,-1,-1,-1,-3,-3.0,-3.0
